9.047924300294839933e-03 nan
9.565231320974773230e-03 nan
1.011211491024248746e-02 nan
1.069026608208863138e-02 nan
1.130147253272402973e-02 nan
1.194762416829961080e-02 nan
1.263071894866876418e-02 5.210962198542886763e+05
1.335286906526163622e-02 nan
1.411630747217388487e-02 nan
1.492339479066462013e-02 6.360911808382160962e+05
1.577662660841287062e-02 nan
1.667864119610254492e-02 nan
1.763222766519625950e-02 3.963723608316623722e+05
1.864033459212266139e-02 nan
1.970607913554394200e-02 6.154232545664455974e+05
2.083275667489504004e-02 nan
2.202385099999772805e-02 4.802736662472796743e+05
2.328304508325684113e-02 nan
2.461423246774719492e-02 2.657988797659047996e+05
2.602152930640427506e-02 4.198231166940770927e+05
2.750928708954497592e-02 4.805490566508329357e+05
2.908210610007291169e-02 4.508891509193020756e+05
3.074484963797321710e-02 3.089144186737723649e+05
3.250265905808012723e-02 3.407515206027451204e+05
3.436096966761552352e-02 2.676082869646300678e+05
3.632552753265518020e-02 2.863067475462348084e+05
3.840240724548967671e-02 2.654854424625650863e+05
4.059803070781841522e-02 2.649758094847516622e+05
4.291918698785599645e-02 2.133666427957454289e+05
4.537305331275100218e-02 2.133685417874618724e+05
4.796721726122769175e-02 1.864475624152295350e+05
5.070970022507212405e-02 1.828814232930139988e+05
5.360898221200802172e-02 1.809370069074228522e+05
5.667402806665487736e-02 1.827826152528921666e+05
5.991431519064605027e-02 1.405374807115906151e+05
6.333986284761988772e-02 1.258230240941010852e+05
6.696126314369774124e-02 1.204622193153922708e+05
7.078971377924322961e-02 1.196065663883928646e+05
7.483705267317405929e-02 1.067957946752109274e+05
7.911579456688830336e-02 9.633831788699813478e+04
8.363916972098736635e-02 9.525326949949144910e+04
8.842116482444964398e-02 8.116909791699850757e+04
9.347656624275002546e-02 7.094569836398294137e+04
9.882100573865204574e-02 6.825119253705980373e+04
1.044710088070454068e-01 5.921988192306822748e+04
1.104440457732851072e-01 5.402691334613577783e+04
1.167585858130325976e-01 4.843281847404931614e+04
1.234341540606332110e-01 4.431467300378096115e+04
1.304913919826141688e-01 4.185800591752857144e+04
1.379521212029839183e-01 3.806417387857368885e+04
1.458394109776858238e-01 3.343420785184518172e+04
1.541776495268439295e-01 2.976877546932311816e+04
1.629926194453663046e-01 2.705769108121169484e+04
1.723115774250824350e-01 2.436559590833898255e+04
1.821633385349232803e-01 2.187468807638677026e+04
1.925783653197451484e-01 1.933093002087995410e+04
2.035888619932995913e-01 1.772272750102367354e+04
2.152288740166030667e-01 1.588710872108199146e+04
2.275343933696106213e-01 1.415623677198959376e+04
2.405434698417041606e-01 1.269347206189462850e+04
2.542963286851153137e-01 1.105955550053204206e+04
2.688354949950783057e-01 9.915641403443740273e+03
2.842059252013066084e-01 8.830255630953235595e+03
3.004551460773787208e-01 7.763424833871484225e+03
3.176334016978615837e-01 6.920575948138613967e+03
3.357938087975759212e-01 6.052456764252664470e+03
3.549925210133909603e-01 5.339238549158085334e+03
3.752889025163962389e-01 4.730819418701893483e+03
3.967457115713384774e-01 4.161879953947794093e+03
4.194292945909068870e-01 3.626999358556734023e+03
4.434097912848986578e-01 3.191704857678047574e+03
4.687613515386053198e-01 2.790055354330878345e+03
4.955623646910287672e-01 2.429980290911712927e+03
5.238957019218746236e-01 2.133377335634356768e+03
5.538489724968058692e-01 1.859022760858997117e+03
5.855147946632918154e-01 1.598397060833255637e+03
6.189910820346860021e-01 1.384536463322740474e+03
6.543813463480574466e-01 1.197926287953618157e+03
6.917950175319338424e-01 1.037012603308634425e+03
7.313477820736313806e-01 8.887920600169211411e+02
7.731619407324363813e-01 7.606117785104705717e+02
8.173667867047196278e-01 6.487018203635947202e+02
8.640990054103039331e-01 5.535240964648245381e+02
9.135030971362627650e-01 4.711338880693124338e+02
9.657318238450005587e-01 4.000889246793364009e+02
1.020946681528190014e+00 3.386920946124383249e+02
1.079318399567122277e+00 2.871203497561587028e+02
1.141027468643541098e+00 2.455404095418548707e+02
1.206264698833311888e+00 2.112451466861587335e+02
1.275231809608598166e+00 1.835302955760149644e+02
1.348142053572885191e+00 1.591938282297201113e+02
1.425220875857504010e+00 1.335297134194089494e+02
1.506706611218559866e+00 1.128348570390734125e+02
1.592851220989757177e+00 9.604997414670246769e+01
1.683921072169850985e+00 8.271461166424593614e+01
1.780197761053726513e+00 7.207697354275775581e+01
1.881978983953853435e+00 6.153487248114453934e+01
1.989579457704466314e+00 5.254526453156291410e+01
2.103331892794750857e+00 4.679363522043782098e+01
2.223588022140051024e+00 4.411157860397322850e+01
