9.047924300294839933e-03 nan
9.565231320974773230e-03 nan
1.011211491024248746e-02 nan
1.069026608208863138e-02 nan
1.130147253272402973e-02 nan
1.194762416829961080e-02 nan
1.263071894866876418e-02 6.799379473667935235e+05
1.335286906526163622e-02 nan
1.411630747217388487e-02 nan
1.492339479066462013e-02 8.304652937091244385e+05
1.577662660841287062e-02 nan
1.667864119610254492e-02 nan
1.763222766519625950e-02 5.173896040632991935e+05
1.864033459212266139e-02 nan
1.970607913554394200e-02 8.037711287117066095e+05
2.083275667489504004e-02 nan
2.202385099999772805e-02 6.266598121489705518e+05
2.328304508325684113e-02 nan
2.461423246774719492e-02 3.467825838973335922e+05
2.602152930640427506e-02 5.476817038555482868e+05
2.750928708954497592e-02 6.268754734500689665e+05
2.908210610007291169e-02 5.873313906956227729e+05
3.074484963797321710e-02 4.040955728892516345e+05
3.250265905808012723e-02 4.445187209372174693e+05
3.436096966761552352e-02 3.508800991141398554e+05
3.632552753265518020e-02 3.729084068091167719e+05
3.840240724548967671e-02 3.464552104765269905e+05
4.059803070781841522e-02 3.458234230308296974e+05
4.291918698785599645e-02 2.788214982557142503e+05
4.537305331275100218e-02 2.778460164922438562e+05
4.796721726122769175e-02 2.439728703524115263e+05
5.070970022507212405e-02 2.382409086806663254e+05
5.360898221200802172e-02 2.360333344943689008e+05
5.667402806665487736e-02 2.381533746430675092e+05
5.991431519064605027e-02 1.829801865330587316e+05
6.333986284761988772e-02 1.639504899376307148e+05
6.696126314369774124e-02 1.571605600566351495e+05
7.078971377924322961e-02 1.561227534299087420e+05
7.483705267317405929e-02 1.393721110248894256e+05
7.911579456688830336e-02 1.257060978377608553e+05
8.363916972098736635e-02 1.242272733100370533e+05
8.842116482444964398e-02 1.060133088463299355e+05
9.347656624275002546e-02 9.264460746971018671e+04
9.882100573865204574e-02 8.899963396413740702e+04
1.044710088070454068e-01 7.739254028732990264e+04
1.104440457732851072e-01 7.040283035047339217e+04
1.167585858130325976e-01 6.321940595514015149e+04
1.234341540606332110e-01 5.790198964711665030e+04
1.304913919826141688e-01 5.457611059903597925e+04
1.379521212029839183e-01 4.969454047291670577e+04
1.458394109776858238e-01 4.364293587757188652e+04
1.541776495268439295e-01 3.890209849575454427e+04
1.629926194453663046e-01 3.533786420211851510e+04
1.723115774250824350e-01 3.187112937789271018e+04
1.821633385349232803e-01 2.854629409932691487e+04
1.925783653197451484e-01 2.528144661356990764e+04
2.035888619932995913e-01 2.316973359439035266e+04
2.152288740166030667e-01 2.077949468545428317e+04
2.275343933696106213e-01 1.851750587935197109e+04
2.405434698417041606e-01 1.659657673958995656e+04
2.542963286851153137e-01 1.448120693542825393e+04
2.688354949950783057e-01 1.299070589057370125e+04
2.842059252013066084e-01 1.157823832623730777e+04
3.004551460773787208e-01 1.018579407284625086e+04
3.176334016978615837e-01 9.076182779911438047e+03
3.357938087975759212e-01 7.941523191922278784e+03
3.549925210133909603e-01 7.014071806466099588e+03
3.752889025163962389e-01 6.223636245043175222e+03
3.967457115713384774e-01 5.474713113305615479e+03
4.194292945909068870e-01 4.778941085254683458e+03
4.434097912848986578e-01 4.205146031399122876e+03
4.687613515386053198e-01 3.678750063427451096e+03
4.955623646910287672e-01 3.209230490160436602e+03
5.238957019218746236e-01 2.816660669322366630e+03
5.538489724968058692e-01 2.459634988067621634e+03
5.855147946632918154e-01 2.116625199398517907e+03
6.189910820346860021e-01 1.836568340916795250e+03
6.543813463480574466e-01 1.589510590903907314e+03
6.917950175319338424e-01 1.379037633242430729e+03
7.313477820736313806e-01 1.183882513167640809e+03
7.731619407324363813e-01 1.013891733931691533e+03
8.173667867047196278e-01 8.668009750193870104e+02
8.640990054103039331e-01 7.408489394847297262e+02
9.135030971362627650e-01 6.320223489606637486e+02
9.657318238450005587e-01 5.381754130099390068e+02
1.020946681528190014e+00 4.568318454338349284e+02
1.079318399567122277e+00 3.881547609097547706e+02
1.141027468643541098e+00 3.330528308999663523e+02
1.206264698833311888e+00 2.871037543290683516e+02
1.275231809608598166e+00 2.501035508655862429e+02
1.348142053572885191e+00 2.176963405221748644e+02
1.425220875857504010e+00 1.832196300238585991e+02
1.506706611218559866e+00 1.554410394664110413e+02
1.592851220989757177e+00 1.328069900189524617e+02
1.683921072169850985e+00 1.147953228386868858e+02
1.780197761053726513e+00 1.005490974400849780e+02
1.881978983953853435e+00 8.628031203278067096e+01
1.989579457704466314e+00 7.399877408548690028e+01
2.103331892794750857e+00 6.631676811335771049e+01
2.223588022140051024e+00 6.194809699580842732e+01
