9.047924300294839933e-03 nan
9.565231320974773230e-03 nan
1.011211491024248746e-02 nan
1.069026608208863138e-02 nan
1.130147253272402973e-02 nan
1.194762416829961080e-02 nan
1.263071894866876418e-02 4.348798835293259472e+05
1.335286906526163622e-02 nan
1.411630747217388487e-02 nan
1.492339479066462013e-02 5.306416438638716936e+05
1.577662660841287062e-02 nan
1.667864119610254492e-02 nan
1.763222766519625950e-02 3.308368146191177075e+05
1.864033459212266139e-02 nan
1.970607913554394200e-02 5.133672432554535917e+05
2.083275667489504004e-02 nan
2.202385099999772805e-02 4.005936712165016797e+05
2.328304508325684113e-02 nan
2.461423246774719492e-02 2.219224710303644242e+05
2.602152930640427506e-02 3.503728325605482096e+05
2.750928708954497592e-02 4.009026107097929344e+05
2.908210610007291169e-02 3.766194856365798041e+05
3.074484963797321710e-02 2.574373350937385112e+05
3.250265905808012723e-02 2.844621324085735832e+05
3.436096966761552352e-02 2.229219795361111464e+05
3.632552753265518020e-02 2.391934167729034380e+05
3.840240724548967671e-02 2.215760863526193425e+05
4.059803070781841522e-02 2.211429044057480642e+05
4.291918698785599645e-02 1.778950451668390597e+05
4.537305331275100218e-02 1.782087118593614723e+05
4.796721726122769175e-02 1.554511163563472510e+05
5.070970022507212405e-02 1.527253667287924036e+05
5.360898221200802172e-02 1.510630902110591414e+05
5.667402806665487736e-02 1.526676877336106263e+05
5.991431519064605027e-02 1.174026509913447662e+05
6.333986284761988772e-02 1.050480390633442148e+05
6.696126314369774124e-02 1.005327137323164061e+05
7.078971377924322961e-02 9.976543876793899108e+04
7.483705267317405929e-02 8.910955224230063322e+04
7.911579456688830336e-02 8.040244142418302363e+04
8.363916972098736635e-02 7.946819373879194609e+04
8.842116482444964398e-02 6.766487650652056618e+04
9.347656624275002546e-02 5.916485813796852744e+04
9.882100573865204574e-02 5.696984287684442097e+04
1.044710088070454068e-01 4.936565028501163761e+04
1.104440457732851072e-01 4.509868263178659254e+04
1.167585858130325976e-01 4.040723997528893960e+04
1.234341540606332110e-01 3.694865241516890092e+04
1.304913919826141688e-01 3.494442459597845300e+04
1.379521212029839183e-01 3.175596017430938446e+04
1.458394109776858238e-01 2.789148188390294308e+04
1.541776495268439295e-01 2.482229032029797600e+04
1.629926194453663046e-01 2.257340773127058856e+04
1.723115774250824350e-01 2.030526994671946522e+04
1.821633385349232803e-01 1.825139041129413090e+04
1.925783653197451484e-01 1.611141399897163501e+04
2.035888619932995913e-01 1.477362427572824345e+04
2.152288740166030667e-01 1.323903034798291992e+04
2.275343933696106213e-01 1.179759348029292960e+04
2.405434698417041606e-01 1.058006299961784498e+04
2.542963286851153137e-01 9.212709067516188952e+03
2.688354949950783057e-01 8.258984156451575473e+03
2.842059252013066084e-01 7.351255836255282702e+03
3.004551460773787208e-01 6.460027750352955081e+03
3.176334016978615837e-01 5.760051672119443538e+03
3.357938087975759212e-01 5.036669789886940634e+03
3.549925210133909603e-01 4.441796078066549853e+03
3.752889025163962389e-01 3.932289744705958583e+03
3.967457115713384774e-01 3.459120716466281465e+03
4.194292945909068870e-01 3.012380377535403568e+03
4.434097912848986578e-01 2.651283122067239219e+03
4.687613515386053198e-01 2.316590347220780586e+03
4.955623646910287672e-01 2.016206438102453831e+03
5.238957019218746236e-01 1.770373033709085803e+03
5.538489724968058692e-01 1.540988822630385812e+03
5.855147946632918154e-01 1.324630428881440594e+03
6.189910820346860021e-01 1.146506557874355167e+03
6.543813463480574466e-01 9.917424523123900144e+02
6.917950175319338424e-01 8.576481720107848332e+02
7.313477820736313806e-01 7.345692072743821655e+02
7.731619407324363813e-01 6.284333725473038612e+02
8.173667867047196278e-01 5.353665528872619461e+02
8.640990054103039331e-01 4.565064933725628293e+02
9.135030971362627650e-01 3.880739905120945537e+02
9.657318238450005587e-01 3.292067675157839517e+02
1.020946681528190014e+00 2.783985677358346607e+02
1.079318399567122277e+00 2.358256580645982581e+02
1.141027468643541098e+00 2.013533365325147031e+02
1.206264698833311888e+00 1.730935162326640864e+02
1.275231809608598166e+00 1.502508363816088490e+02
1.348142053572885191e+00 1.301454085005704826e+02
1.425220875857504010e+00 1.090194290201948348e+02
1.506706611218559866e+00 9.199520438831426361e+01
1.592851220989757177e+00 7.817566264752072414e+01
1.683921072169850985e+00 6.724856881877767023e+01
1.780197761053726513e+00 5.853034026328157324e+01
1.881978983953853435e+00 4.986829655129390915e+01
1.989579457704466314e+00 4.251353386650303179e+01
2.103331892794750857e+00 3.771081826248123292e+01
2.223588022140051024e+00 3.570497933530576518e+01
