9.047924300294839933e-03 nan
9.565231320974773230e-03 nan
1.011211491024248746e-02 nan
1.069026608208863138e-02 nan
1.130147253272402973e-02 nan
1.194762416829961080e-02 nan
1.263071894866876418e-02 1.691708646242199393e+03
1.335286906526163622e-02 nan
1.411630747217388487e-02 nan
1.492339479066462013e-02 2.066844073187644426e+03
1.577662660841287062e-02 nan
1.667864119610254492e-02 nan
1.763222766519625950e-02 1.283587707468774170e+03
1.864033459212266139e-02 nan
1.970607913554394200e-02 2.000977092253064257e+03
2.083275667489504004e-02 nan
2.202385099999772805e-02 1.554118440550377272e+03
2.328304508325684113e-02 nan
2.461423246774719492e-02 8.616075859455449972e+02
2.602152930640427506e-02 1.358161695834156035e+03
2.750928708954497592e-02 1.558510084504465340e+03
2.908210610007291169e-02 1.455181412478568063e+03
3.074484963797321710e-02 1.004978183994724532e+03
3.250265905808012723e-02 1.102397820862296385e+03
3.436096966761552352e-02 8.784750439689183850e+02
3.632552753265518020e-02 9.196303892243893188e+02
3.840240724548967671e-02 8.595111564704360489e+02
4.059803070781841522e-02 8.570241488506047745e+02
4.291918698785599645e-02 6.926950232331765847e+02
4.537305331275100218e-02 6.855669328187751717e+02
4.796721726122769175e-02 6.077574940576838571e+02
5.070970022507212405e-02 5.876365729177568937e+02
5.360898221200802172e-02 5.845423787751221880e+02
5.667402806665487736e-02 5.877390470033454903e+02
5.991431519064605027e-02 4.508100430680528348e+02
6.333986284761988772e-02 4.055784190897477970e+02
6.696126314369774124e-02 3.892269214745593331e+02
7.078971377924322961e-02 3.871387853941783419e+02
7.483705267317405929e-02 3.458064570200089065e+02
7.911579456688830336e-02 3.112886395285077583e+02
8.363916972098736635e-02 3.075127869128920679e+02
8.842116482444964398e-02 2.631480264930451654e+02
9.347656624275002546e-02 2.298104751777080139e+02
9.882100573865204574e-02 2.204388601737261411e+02
1.044710088070454068e-01 1.922731011217156833e+02
1.104440457732851072e-01 1.743178834202527696e+02
1.167585858130325976e-01 1.569097716983344810e+02
1.234341540606332110e-01 1.439422185185061096e+02
1.304913919826141688e-01 1.350923658003104606e+02
1.379521212029839183e-01 1.231227603199263285e+02
1.458394109776858238e-01 1.082841601120785384e+02
1.541776495268439295e-01 9.666673215661916174e+01
1.629926194453663046e-01 8.774390533636396583e+01
1.723115774250824350e-01 7.939497833065384214e+01
1.821633385349232803e-01 7.080425267638959497e+01
1.925783653197451484e-01 6.302539816117332094e+01
2.035888619932995913e-01 5.767061065608872639e+01
2.152288740166030667e-01 5.184250642992135738e+01
2.275343933696106213e-01 4.619543368856812293e+01
2.405434698417041606e-01 4.130918527014004127e+01
2.542963286851153137e-01 3.621650987172007063e+01
2.688354949950783057e-01 3.250586886378729190e+01
2.842059252013066084e-01 2.906042881963185209e+01
3.004551460773787208e-01 2.562982115553593587e+01
3.176334016978615837e-01 2.277923121718494670e+01
3.357938087975759212e-01 1.997237446439288178e+01
3.549925210133909603e-01 1.768064110184462834e+01
3.752889025163962389e-01 1.574170408396144616e+01
3.967457115713384774e-01 1.386694131457162804e+01
4.194292945909068870e-01 1.215239111733549215e+01
4.434097912848986578e-01 1.069297866471434943e+01
4.687613515386053198e-01 9.367394433634409268e+00
4.955623646910287672e-01 8.204504224064036677e+00
5.238957019218746236e-01 7.213835304552366878e+00
5.538489724968058692e-01 6.323217963826437860e+00
5.855147946632918154e-01 5.452583458386462745e+00
6.189910820346860021e-01 4.745509847228907674e+00
6.543813463480574466e-01 4.115298299348814304e+00
6.917950175319338424e-01 3.587810999455009142e+00
7.313477820736313806e-01 3.093818050622751059e+00
7.731619407324363813e-01 2.658176768498912601e+00
8.173667867047196278e-01 2.285646923922352691e+00
8.640990054103039331e-01 1.959602159687521494e+00
9.135030971362627650e-01 1.680768082466972402e+00
9.657318238450005587e-01 1.440664427536998637e+00
1.020946681528190014e+00 1.229611293822236995e+00
1.079318399567122277e+00 1.052109981909584935e+00
1.141027468643541098e+00 9.076494490179458641e-01
1.206264698833311888e+00 7.863888696834203662e-01
1.275231809608598166e+00 6.890324012831683387e-01
1.348142053572885191e+00 6.041588920059891565e-01
1.425220875857504010e+00 5.116685546642225635e-01
1.506706611218559866e+00 4.375781218876846346e-01
1.592851220989757177e+00 3.763728001644081056e-01
1.683921072169850985e+00 3.286222991927807979e-01
1.780197761053726513e+00 2.893638038307504989e-01
1.881978983953853435e+00 2.503323248907105003e-01
1.989579457704466314e+00 2.164656796144074913e-01
2.103331892794750857e+00 1.950954518002772364e-01
2.223588022140051024e+00 1.842848096018518400e-01
