9.047924300294839933e-03 nan
9.565231320974773230e-03 nan
1.011211491024248746e-02 nan
1.069026608208863138e-02 nan
1.130147253272402973e-02 nan
1.194762416829961080e-02 nan
1.263071894866876418e-02 7.300544808580549443e+02
1.335286906526163622e-02 nan
1.411630747217388487e-02 nan
1.492339479066462013e-02 8.918121467970340746e+02
1.577662660841287062e-02 nan
1.667864119610254492e-02 nan
1.763222766519625950e-02 5.552539567151816300e+02
1.864033459212266139e-02 nan
1.970607913554394200e-02 8.629232337546922054e+02
2.083275667489504004e-02 nan
2.202385099999772805e-02 6.734725574680791169e+02
2.328304508325684113e-02 nan
2.461423246774719492e-02 3.721045763109717086e+02
2.602152930640427506e-02 5.880897903379734544e+02
2.750928708954497592e-02 6.736751722232529573e+02
2.908210610007291169e-02 6.305670911403267382e+02
3.074484963797321710e-02 4.339734637205565377e+02
3.250265905808012723e-02 4.770992559096503101e+02
3.436096966761552352e-02 3.763478983481327305e+02
3.632552753265518020e-02 4.002719998204224225e+02
3.840240724548967671e-02 3.718969422069379220e+02
4.059803070781841522e-02 3.711857738011454444e+02
4.291918698785599645e-02 2.994496117117082008e+02
4.537305331275100218e-02 2.984167561983729229e+02
4.796721726122769175e-02 2.617449404247163329e+02
5.070970022507212405e-02 2.558520081517572464e+02
5.360898221200802172e-02 2.532977437459288979e+02
5.667402806665487736e-02 2.556642379845464745e+02
5.991431519064605027e-02 1.964956207133270709e+02
6.333986284761988772e-02 1.761610835050525452e+02
6.696126314369774124e-02 1.687643237571919030e+02
7.078971377924322961e-02 1.677242766415084532e+02
7.483705267317405929e-02 1.496724117718308946e+02
7.911579456688830336e-02 1.349810634944542471e+02
8.363916972098736635e-02 1.335280605090966333e+02
8.842116482444964398e-02 1.139173942478618216e+02
9.347656624275002546e-02 9.953654581108565935e+01
9.882100573865204574e-02 9.562239096270448613e+01
1.044710088070454068e-01 8.313690749422408999e+01
1.104440457732851072e-01 7.565860556845692031e+01
1.167585858130325976e-01 6.791246787932563223e+01
1.234341540606332110e-01 6.220305645642189063e+01
1.304913919826141688e-01 5.862278889408697324e+01
1.379521212029839183e-01 5.337451572193432980e+01
1.458394109776858238e-01 4.688568325662122760e+01
1.541776495268439295e-01 4.179095917947410044e+01
1.629926194453663046e-01 3.794629822404422015e+01
1.723115774250824350e-01 3.423842186711738123e+01
1.821633385349232803e-01 3.067324391897174962e+01
1.925783653197451484e-01 2.716479684034064590e+01
2.035888619932995913e-01 2.489794026941246585e+01
2.152288740166030667e-01 2.233448717528593264e+01
2.275343933696106213e-01 1.990141263556564866e+01
2.405434698417041606e-01 1.783740496912039930e+01
2.542963286851153137e-01 1.556496634778576826e+01
2.688354949950783057e-01 1.395873783423469483e+01
2.842059252013066084e-01 1.244451725493527938e+01
3.004551460773787208e-01 1.095130930960362114e+01
3.176334016978615837e-01 9.757308330551762054e+00
3.357938087975759212e-01 8.537962797462563813e+00
3.549925210133909603e-01 7.539400692462455034e+00
3.752889025163962389e-01 6.692059048551536549e+00
3.967457115713384774e-01 5.888276928155307566e+00
4.194292945909068870e-01 5.140308623384811426e+00
4.434097912848986578e-01 4.522855007069753519e+00
4.687613515386053198e-01 3.957145244989428434e+00
4.955623646910287672e-01 3.452523167022988559e+00
5.238957019218746236e-01 3.030733287846537394e+00
5.538489724968058692e-01 2.647113751023733474e+00
5.855147946632918154e-01 2.277840539158655808e+00
6.189910820346860021e-01 1.976591362006574482e+00
6.543813463480574466e-01 1.711120040311687074e+00
6.917950175319338424e-01 1.484612907439912588e+00
7.313477820736313806e-01 1.274745044742277233e+00
7.731619407324363813e-01 1.091731536901949351e+00
8.173667867047196278e-01 9.336854014581392747e-01
8.640990054103039331e-01 7.979329560449621717e-01
9.135030971362627650e-01 6.808946825183308516e-01
9.657318238450005587e-01 5.797597564331310460e-01
1.020946681528190014e+00 4.920584807828696783e-01
1.079318399567122277e+00 4.181093773958493021e-01
1.141027468643541098e+00 3.587462844025833264e-01
1.206264698833311888e+00 3.092770308158562242e-01
1.275231809608598166e+00 2.693514323177573222e-01
1.348142053572885191e+00 2.344038630611588181e-01
1.425220875857504010e+00 1.972248419191665880e-01
1.506706611218559866e+00 1.673091221406485252e-01
1.592851220989757177e+00 1.428879401966965390e-01
1.683921072169850985e+00 1.234323759404397508e-01
1.780197761053726513e+00 1.080728395270537795e-01
1.881978983953853435e+00 9.265267640296265261e-02
1.989579457704466314e+00 7.941563404887233557e-02
2.103331892794750857e+00 7.117947100910282376e-02
2.223588022140051024e+00 6.654488714153915241e-02
