9.047924300294839933e-03 nan
9.565231320974773230e-03 nan
1.011211491024248746e-02 nan
1.069026608208863138e-02 nan
1.130147253272402973e-02 nan
1.194762416829961080e-02 nan
1.263071894866876418e-02 5.831121716237302053e+02
1.335286906526163622e-02 nan
1.411630747217388487e-02 nan
1.492339479066462013e-02 7.120952566801458943e+02
1.577662660841287062e-02 nan
1.667864119610254492e-02 nan
1.763222766519625950e-02 4.434863755803483514e+02
1.864033459212266139e-02 nan
1.970607913554394200e-02 6.889990424157646203e+02
2.083275667489504004e-02 nan
2.202385099999772805e-02 5.377360052036980278e+02
2.328304508325684113e-02 nan
2.461423246774719492e-02 2.972911265621126518e+02
2.602152930640427506e-02 4.697533352609651160e+02
2.750928708954497592e-02 5.379394907876443312e+02
2.908210610007291169e-02 5.040497829945628041e+02
3.074484963797321710e-02 3.462275593513768399e+02
3.250265905808012723e-02 3.811790338048756439e+02
3.436096966761552352e-02 3.000806988700254010e+02
3.632552753265518020e-02 3.200075925542251412e+02
3.840240724548967671e-02 2.970579667367753132e+02
4.059803070781841522e-02 2.964940516576219238e+02
4.291918698785599645e-02 2.390015664527583965e+02
4.537305331275100218e-02 2.385449949498932085e+02
4.796721726122769175e-02 2.088681939938753089e+02
5.070970022507212405e-02 2.044887377786569971e+02
5.360898221200802172e-02 2.023824783366751774e+02
5.667402806665487736e-02 2.043508889310502639e+02
5.991431519064605027e-02 1.570896111519722353e+02
6.333986284761988772e-02 1.407453812547579730e+02
6.696126314369774124e-02 1.347987998304465407e+02
7.078971377924322961e-02 1.339160722939436141e+02
7.483705267317405929e-02 1.195311692970940527e+02
7.911579456688830336e-02 1.078081143577307728e+02
8.363916972098736635e-02 1.066298718827675742e+02
8.842116482444964398e-02 9.092704782355497173e+01
9.347656624275002546e-02 7.945640770052838775e+01
9.882100573865204574e-02 7.637423873205595726e+01
1.044710088070454068e-01 6.634672645224135579e+01
1.104440457732851072e-01 6.044362915249256218e+01
1.167585858130325976e-01 5.422186958813229296e+01
1.234341540606332110e-01 4.964228439547058258e+01
1.304913919826141688e-01 4.682886829026327291e+01
1.379521212029839183e-01 4.261497508605351214e+01
1.458394109776858238e-01 3.743376155565353969e+01
1.541776495268439295e-01 3.334933456984675360e+01
1.629926194453663046e-01 3.029435907726348276e+01
1.723115774250824350e-01 2.731156363542783438e+01
1.821633385349232803e-01 2.448938073281011540e+01
1.925783653197451484e-01 2.166768500074148562e+01
2.035888619932995913e-01 1.986203674482328196e+01
2.152288740166030667e-01 1.781148967781669157e+01
2.275343933696106213e-01 1.587047336295808719e+01
2.405434698417041606e-01 1.422784107824432986e+01
2.542963286851153137e-01 1.240628163203343703e+01
2.688354949950783057e-01 1.112455387280273733e+01
2.842059252013066084e-01 9.912814505108906715e+00
3.004551460773787208e-01 8.719918153263549243e+00
3.176334016978615837e-01 7.770999044917091148e+00
3.357938087975759212e-01 6.798159256238248460e+00
3.549925210133909603e-01 5.999984544208246007e+00
3.752889025163962389e-01 5.321594775113665854e+00
3.967457115713384774e-01 4.681957057305209169e+00
4.194292945909068870e-01 4.084001015120719558e+00
4.434097912848986578e-01 3.593565342024412246e+00
4.687613515386053198e-01 3.142879307321432059e+00
4.955623646910287672e-01 2.739856947056101610e+00
5.238957019218746236e-01 2.405150840235901644e+00
5.538489724968058692e-01 2.098641938969738607e+00
5.855147946632918154e-01 1.805165501015953300e+00
6.189910820346860021e-01 1.565138299225544261e+00
6.543813463480574466e-01 1.354630353149290922e+00
6.917950175319338424e-01 1.174069643119560080e+00
7.313477820736313806e-01 1.007223824698406878e+00
7.731619407324363813e-01 8.623230190817744445e-01
8.173667867047196278e-01 7.365190212670696956e-01
8.640990054103039331e-01 6.290038783828469926e-01
9.135030971362627650e-01 5.361456137502451647e-01
9.657318238450005587e-01 4.559348648531462156e-01
1.020946681528190014e+00 3.865137632013020963e-01
1.079318399567122277e+00 3.280451621150755059e-01
1.141027468643541098e+00 2.810658390476311608e-01
1.206264698833311888e+00 2.420813445750463200e-01
1.275231809608598166e+00 2.105800250601803369e-01
1.348142053572885191e+00 1.829793234122836787e-01
1.425220875857504010e+00 1.537431162835876386e-01
1.506706611218559866e+00 1.301812628022707419e-01
1.592851220989757177e+00 1.110238687470570806e-01
1.683921072169850985e+00 9.575988390636004655e-02
1.780197761053726513e+00 8.364648867062891846e-02
1.881978983953853435e+00 7.157303555544358709e-02
1.989579457704466314e+00 6.125368438239462560e-02
2.103331892794750857e+00 5.476211964741285743e-02
2.223588022140051024e+00 5.129215383418939816e-02
