9.047924300294839933e-03 nan
9.565231320974773230e-03 nan
1.011211491024248746e-02 nan
1.069026608208863138e-02 nan
1.130147253272402973e-02 nan
1.194762416829961080e-02 nan
1.263071894866876418e-02 9.126305157600619395e+02
1.335286906526163622e-02 nan
1.411630747217388487e-02 nan
1.492339479066462013e-02 1.114942346650263062e+03
1.577662660841287062e-02 nan
1.667864119610254492e-02 nan
1.763222766519625950e-02 6.938410283191429926e+02
1.864033459212266139e-02 nan
1.970607913554394200e-02 1.079117334145691302e+03
2.083275667489504004e-02 nan
2.202385099999772805e-02 8.418217510138802027e+02
2.328304508325684113e-02 nan
2.461423246774719492e-02 4.648829598321426602e+02
2.602152930640427506e-02 7.349576524415499534e+02
2.750928708954497592e-02 8.421779607631178806e+02
2.908210610007291169e-02 7.874095051869074950e+02
3.074484963797321710e-02 5.429970723492442630e+02
3.250265905808012723e-02 5.962053851574055443e+02
3.436096966761552352e-02 4.714162091478938237e+02
3.632552753265518020e-02 4.997540654206570139e+02
3.840240724548967671e-02 4.648276430679518967e+02
4.059803070781841522e-02 4.639264251697123882e+02
4.291918698785599645e-02 3.745040490820322816e+02
4.537305331275100218e-02 3.725974958518832523e+02
4.796721726122769175e-02 3.274999892416637977e+02
5.070970022507212405e-02 3.195031324876494523e+02
5.360898221200802172e-02 3.164726290133553448e+02
5.667402806665487736e-02 3.192771309136223863e+02
5.991431519064605027e-02 2.453195418364829550e+02
6.333986284761988772e-02 2.200824295737626812e+02
6.696126314369774124e-02 2.109136981309438283e+02
7.078971377924322961e-02 2.096901490065320672e+02
7.483705267317405929e-02 1.870918284417249708e+02
7.911579456688830336e-02 1.686949671112861324e+02
8.363916972098736635e-02 1.668896915276936568e+02
8.842116482444964398e-02 1.424596648084244066e+02
9.347656624275002546e-02 1.244652046579799816e+02
9.882100573865204574e-02 1.195069119346750028e+02
1.044710088070454068e-01 1.039913729852660111e+02
1.104440457732851072e-01 9.453404781080756436e+01
1.167585858130325976e-01 8.491314739160773684e+01
1.234341540606332110e-01 7.781128761624270851e+01
1.304913919826141688e-01 7.326106135051027479e+01
1.379521212029839183e-01 6.673096902650738116e+01
1.458394109776858238e-01 5.862083296468789939e+01
1.541776495268439295e-01 5.227883274157011328e+01
1.629926194453663046e-01 4.745298991692069279e+01
1.723115774250824350e-01 4.284940612340574972e+01
1.821633385349232803e-01 3.835236510842172208e+01
1.925783653197451484e-01 3.400177218966243231e+01
2.035888619932995913e-01 3.115836993843824843e+01
2.152288740166030667e-01 2.795939085838591609e+01
2.275343933696106213e-01 2.491582837425426433e+01
2.405434698417041606e-01 2.232458714119079701e+01
2.542963286851153137e-01 1.949704178948432443e+01
2.688354949950783057e-01 1.748907601621554875e+01
2.842059252013066084e-01 1.560041958155558994e+01
3.004551460773787208e-01 1.373495027250280565e+01
3.176334016978615837e-01 1.223370403617103008e+01
3.357938087975759212e-01 1.070840287611759578e+01
3.549925210133909603e-01 9.462120459796452110e+00
3.752889025163962389e-01 8.405034642259854749e+00
3.967457115713384774e-01 7.396889684236919393e+00
4.194292945909068870e-01 6.462923257687064549e+00
4.434097912848986578e-01 5.686727797228188663e+00
4.687613515386053198e-01 4.977639669853851423e+00
4.955623646910287672e-01 4.346878690744510720e+00
5.238957019218746236e-01 3.816266118262740648e+00
5.538489724968058692e-01 3.336347021133092117e+00
5.855147946632918154e-01 2.872524823885403755e+00
6.189910820346860021e-01 2.494823564858832388e+00
6.543813463480574466e-01 2.160187443489974157e+00
6.917950175319338424e-01 1.876559857877198034e+00
7.313477820736313806e-01 1.612965701179825517e+00
7.731619407324363813e-01 1.382035469054250898e+00
8.173667867047196278e-01 1.183795477119865547e+00
8.640990054103039331e-01 1.012331747521684866e+00
9.135030971362627650e-01 8.649623124574055133e-01
9.657318238450005587e-01 7.376141280217461960e-01
1.020946681528190014e+00 6.268626161517266704e-01
1.079318399567122277e+00 5.333515129405216326e-01
1.141027468643541098e+00 4.583538453731966777e-01
1.206264698833311888e+00 3.956061760058680044e-01
1.275231809608598166e+00 3.450327493880065433e-01
1.348142053572885191e+00 3.007842291802770851e-01
1.425220875857504010e+00 2.534733497144093795e-01
1.506706611218559866e+00 2.154887251827197758e-01
1.592851220989757177e+00 1.843140072770153015e-01
1.683921072169850985e+00 1.595633416400336069e-01
1.780197761053726513e+00 1.400443784994653829e-01
1.881978983953853435e+00 1.203002917415654793e-01
1.989579457704466314e+00 1.031938164619626980e-01
2.103331892794750857e+00 9.278994489810209190e-02
2.223588022140051024e+00 8.683032728164631620e-02
