9.047924300294839933e-03 nan
9.565231320974773230e-03 nan
1.011211491024248746e-02 nan
1.069026608208863138e-02 nan
1.130147253272402973e-02 nan
1.194762416829961080e-02 nan
1.263071894866876418e-02 5.126425250042127445e+05
1.335286906526163622e-02 nan
1.411630747217388487e-02 nan
1.492339479066462013e-02 6.139021275773551315e+05
1.577662660841287062e-02 nan
1.667864119610254492e-02 nan
1.763222766519625950e-02 3.839576259026651387e+05
1.864033459212266139e-02 nan
1.970607913554394200e-02 6.022867877430933295e+05
2.083275667489504004e-02 nan
2.202385099999772805e-02 4.508450983691943693e+05
2.328304508325684113e-02 nan
2.461423246774719492e-02 2.620541293378757837e+05
2.602152930640427506e-02 4.070422306592486566e+05
2.750928708954497592e-02 4.626331463743603672e+05
2.908210610007291169e-02 4.392150007157307118e+05
3.074484963797321710e-02 2.929249202651344240e+05
3.250265905808012723e-02 3.329950591935972916e+05
3.436096966761552352e-02 2.679810404431869392e+05
3.632552753265518020e-02 2.762615527663489920e+05
3.840240724548967671e-02 2.601020936152751965e+05
4.059803070781841522e-02 2.575809911240881484e+05
4.291918698785599645e-02 2.047443041854418116e+05
4.537305331275100218e-02 2.024740663253610546e+05
4.796721726122769175e-02 1.835932053359878482e+05
5.070970022507212405e-02 1.739744894351515977e+05
5.360898221200802172e-02 1.765154888704929908e+05
5.667402806665487736e-02 1.764227000417741947e+05
5.991431519064605027e-02 1.342833506930733856e+05
6.333986284761988772e-02 1.200151646352818789e+05
6.696126314369774124e-02 1.165798856537068932e+05
7.078971377924322961e-02 1.146578155047862529e+05
7.483705267317405929e-02 1.038660280185841839e+05
7.911579456688830336e-02 9.261696132520148240e+04
8.363916972098736635e-02 8.978358800416548911e+04
8.842116482444964398e-02 7.794518732181296218e+04
9.347656624275002546e-02 6.800917824584621121e+04
9.882100573865204574e-02 6.552300908340499154e+04
1.044710088070454068e-01 5.726394112705770385e+04
1.104440457732851072e-01 5.222935557360512030e+04
1.167585858130325976e-01 4.711616977773769759e+04
1.234341540606332110e-01 4.321087343522996525e+04
1.304913919826141688e-01 4.087162660231171321e+04
1.379521212029839183e-01 3.707454476123569475e+04
1.458394109776858238e-01 3.272266814518106548e+04
1.541776495268439295e-01 2.914620019622691325e+04
1.629926194453663046e-01 2.691696514757628393e+04
1.723115774250824350e-01 2.410822561463417878e+04
1.821633385349232803e-01 2.159067542550256258e+04
1.925783653197451484e-01 1.929366251701315923e+04
2.035888619932995913e-01 1.763599609666642573e+04
2.152288740166030667e-01 1.585706389617471905e+04
2.275343933696106213e-01 1.416928291142913440e+04
2.405434698417041606e-01 1.268223905454097257e+04
2.542963286851153137e-01 1.114841292684746622e+04
2.688354949950783057e-01 1.012844801503526833e+04
2.842059252013066084e-01 9.035157369540924265e+03
3.004551460773787208e-01 7.963082623145087382e+03
3.176334016978615837e-01 7.143615038382516104e+03
3.357938087975759212e-01 6.313507267596714883e+03
3.549925210133909603e-01 5.630477021748170046e+03
3.752889025163962389e-01 5.008217639725975459e+03
3.967457115713384774e-01 4.448527645636941088e+03
4.194292945909068870e-01 3.921912670102038192e+03
4.434097912848986578e-01 3.474768028484435490e+03
4.687613515386053198e-01 3.069462441903650415e+03
4.955623646910287672e-01 2.707009577921487562e+03
5.238957019218746236e-01 2.400334050951310928e+03
5.538489724968058692e-01 2.116406221994378029e+03
5.855147946632918154e-01 1.849631727173839408e+03
6.189910820346860021e-01 1.627989162296870745e+03
6.543813463480574466e-01 1.428416708466507998e+03
6.917950175319338424e-01 1.257893648331347094e+03
7.313477820736313806e-01 1.100383354235662637e+03
7.731619407324363813e-01 9.625922784084260684e+02
8.173667867047196278e-01 8.395247867274484861e+02
8.640990054103039331e-01 7.372449509560091201e+02
9.135030971362627650e-01 6.434453775158093549e+02
9.657318238450005587e-01 5.664724835826647222e+02
1.020946681528190014e+00 4.965874744559760643e+02
1.079318399567122277e+00 4.374184463562411338e+02
1.141027468643541098e+00 3.895488798145709666e+02
1.206264698833311888e+00 3.487896544100539131e+02
1.275231809608598166e+00 3.161111273828192907e+02
1.348142053572885191e+00 2.872230465252570752e+02
1.425220875857504010e+00 2.552014804624330111e+02
1.506706611218559866e+00 2.291065828179801542e+02
1.592851220989757177e+00 2.077033485922563614e+02
1.683921072169850985e+00 1.905335202459647803e+02
1.780197761053726513e+00 1.764370655735123421e+02
1.881978983953853435e+00 1.611406477897279785e+02
1.989579457704466314e+00 1.477063419688688271e+02
2.103331892794750857e+00 1.400554287740035875e+02
2.223588022140051024e+00 1.344368556898459701e+02
