9.047924300294839933e-03 nan
9.565231320974773230e-03 nan
1.011211491024248746e-02 nan
1.069026608208863138e-02 nan
1.130147253272402973e-02 nan
1.194762416829961080e-02 nan
1.263071894866876418e-02 1.216903889072900256e+03
1.335286906526163622e-02 nan
1.411630747217388487e-02 nan
1.492339479066462013e-02 1.486490790134092094e+03
1.577662660841287062e-02 nan
1.667864119610254492e-02 nan
1.763222766519625950e-02 9.246281402845912680e+02
1.864033459212266139e-02 nan
1.970607913554394200e-02 1.439392729637933371e+03
2.083275667489504004e-02 nan
2.202385099999772805e-02 1.121444718925052030e+03
2.328304508325684113e-02 nan
2.461423246774719492e-02 6.196519121017299767e+02
2.602152930640427506e-02 9.791866849407355176e+02
2.750928708954497592e-02 1.122584883072076309e+03
2.908210610007291169e-02 1.048582892481978661e+03
3.074484963797321710e-02 7.242668872952381207e+02
3.250265905808012723e-02 7.943460706003274936e+02
3.436096966761552352e-02 6.302663244334058845e+02
3.632552753265518020e-02 6.648088982273014835e+02
3.840240724548967671e-02 6.194341757123802381e+02
4.059803070781841522e-02 6.180557200326034035e+02
4.291918698785599645e-02 4.992908709404086949e+02
4.537305331275100218e-02 4.955148330114685677e+02
4.796721726122769175e-02 4.371096872038576748e+02
5.070970022507212405e-02 4.249931657153501874e+02
5.360898221200802172e-02 4.214920311465421605e+02
5.667402806665487736e-02 4.247934870857498026e+02
5.991431519064605027e-02 3.261515445631213197e+02
6.333986284761988772e-02 2.929516236401805713e+02
6.696126314369774124e-02 2.809046068151250211e+02
7.078971377924322961e-02 2.793659742121247973e+02
7.483705267317405929e-02 2.492928710711557585e+02
7.911579456688830336e-02 2.246654608523589900e+02
8.363916972098736635e-02 2.222237666800059515e+02
8.842116482444964398e-02 1.898511250630291727e+02
9.347656624275002546e-02 1.658526487122696835e+02
9.882100573865204574e-02 1.591550520067684147e+02
1.044710088070454068e-01 1.386466242796175266e+02
1.104440457732851072e-01 1.258567194273785645e+02
1.167585858130325976e-01 1.131494430440328784e+02
1.234341540606332110e-01 1.037537971132173595e+02
1.304913919826141688e-01 9.755571505375134223e+01
1.379521212029839183e-01 8.889827842735674324e+01
1.458394109776858238e-01 7.811273550969934831e+01
1.541776495268439295e-01 6.970331425482925169e+01
1.629926194453663046e-01 6.325993776921648504e+01
1.723115774250824350e-01 5.717662137569542580e+01
1.821633385349232803e-01 5.110678724451625499e+01
1.925783653197451484e-01 4.537903724496563029e+01
2.035888619932995913e-01 4.156398534909847342e+01
2.152288740166030667e-01 3.732134836588552673e+01
2.275343933696106213e-01 3.326285138277309272e+01
2.405434698417041606e-01 2.978185909516246355e+01
2.542963286851153137e-01 2.604630365306988082e+01
2.688354949950783057e-01 2.337269048463229737e+01
2.842059252013066084e-01 2.086588465645992230e+01
3.004551460773787208e-01 1.838496140565964154e+01
3.176334016978615837e-01 1.636356823711560793e+01
3.357938087975759212e-01 1.433226946242885802e+01
3.549925210133909603e-01 1.267510656219996434e+01
3.752889025163962389e-01 1.127048111887120108e+01
3.967457115713384774e-01 9.921443580976003318e+00
4.194292945909068870e-01 8.680560227962892839e+00
4.434097912848986578e-01 7.638491906470456172e+00
4.687613515386053198e-01 6.689646520516429717e+00
4.955623646910287672e-01 5.849259525670219340e+00
5.238957019218746236e-01 5.137519028713130709e+00
5.538489724968058692e-01 4.497151435436308908e+00
5.855147946632918154e-01 3.874474810336028252e+00
6.189910820346860021e-01 3.369046773487655688e+00
6.543813463480574466e-01 2.918452006476297989e+00
6.917950175319338424e-01 2.539359377573563670e+00
7.313477820736313806e-01 2.185849278459285561e+00
7.731619407324363813e-01 1.874852665666513429e+00
8.173667867047196278e-01 1.609154890321063069e+00
8.640990054103039331e-01 1.377382110333911003e+00
9.135030971362627650e-01 1.178793465335313151e+00
9.657318238450005587e-01 1.007617952371175241e+00
1.020946681528190014e+00 8.577512228479921008e-01
1.079318399567122277e+00 7.314759379094484260e-01
1.141027468643541098e+00 6.298529959506479203e-01
1.206264698833311888e+00 5.445629532056602828e-01
1.275231809608598166e+00 4.758810999402320330e-01
1.348142053572885191e+00 4.159309040547631287e-01
1.425220875857504010e+00 3.512884217535771625e-01
1.506706611218559866e+00 2.995103173555787035e-01
1.592851220989757177e+00 2.567615468719313121e-01
1.683921072169850985e+00 2.230693585743735163e-01
1.780197761053726513e+00 1.962707957612548904e-01
1.881978983953853435e+00 1.690843925535032433e-01
1.989579457704466314e+00 1.454536235419036094e-01
2.103331892794750857e+00 1.310574721460691927e-01
2.223588022140051024e+00 1.229346908721519749e-01
