9.047924300294839933e-03 nan
9.565231320974773230e-03 nan
1.011211491024248746e-02 nan
1.069026608208863138e-02 nan
1.130147253272402973e-02 nan
1.194762416829961080e-02 nan
1.263071894866876418e-02 4.173483339138500128e+02
1.335286906526163622e-02 nan
1.411630747217388487e-02 nan
1.492339479066462013e-02 5.094421779589121115e+02
1.577662660841287062e-02 nan
1.667864119610254492e-02 nan
1.763222766519625950e-02 3.174581511369821669e+02
1.864033459212266139e-02 nan
1.970607913554394200e-02 4.928930679143898601e+02
2.083275667489504004e-02 nan
2.202385099999772805e-02 3.846544914033223108e+02
2.328304508325684113e-02 nan
2.461423246774719492e-02 2.128800510586855523e+02
2.602152930640427506e-02 3.362371634494678005e+02
2.750928708954497592e-02 3.848770093931655651e+02
2.908210610007291169e-02 3.611167585931916619e+02
3.074484963797321710e-02 2.474052313841893920e+02
3.250265905808012723e-02 2.729099460299710245e+02
3.436096966761552352e-02 2.143264131559820669e+02
3.632552753265518020e-02 2.293043918946466420e+02
3.840240724548967671e-02 2.126267671482304138e+02
4.059803070781841522e-02 2.122190039080119845e+02
4.291918698785599645e-02 1.708846817110121776e+02
4.537305331275100218e-02 1.708866075228383750e+02
4.796721726122769175e-02 1.493251402887634640e+02
5.070970022507212405e-02 1.464693871305601363e+02
5.360898221200802172e-02 1.449130546880441557e+02
5.667402806665487736e-02 1.463917015911718806e+02
5.991431519064605027e-02 1.125563921672930690e+02
6.333986284761988772e-02 1.007723071134972912e+02
6.696126314369774124e-02 9.647833918383747687e+01
7.078971377924322961e-02 9.579348973273789625e+01
7.483705267317405929e-02 8.553299635661362288e+01
7.911579456688830336e-02 7.715714675169355985e+01
8.363916972098736635e-02 7.628886447053363895e+01
8.842116482444964398e-02 6.500844453167361792e+01
9.347656624275002546e-02 5.682059988020950669e+01
9.882100573865204574e-02 5.466266998036777380e+01
1.044710088070454068e-01 4.742945799107666005e+01
1.104440457732851072e-01 4.327049458172371033e+01
1.167585858130325976e-01 3.878997761529043942e+01
1.234341540606332110e-01 3.549174224760160001e+01
1.304913919826141688e-01 3.352421587126823255e+01
1.379521212029839183e-01 3.048573026836154298e+01
1.458394109776858238e-01 2.677757401017419525e+01
1.541776495268439295e-01 2.384195628869046502e+01
1.629926194453663046e-01 2.167058740087617608e+01
1.723115774250824350e-01 1.951445473893740257e+01
1.821633385349232803e-01 1.751952428680950291e+01
1.925783653197451484e-01 1.548214406364340867e+01
2.035888619932995913e-01 1.419421734852931216e+01
2.152288740166030667e-01 1.272405610784186614e+01
2.275343933696106213e-01 1.133779891547712459e+01
2.405434698417041606e-01 1.016627353437283077e+01
2.542963286851153137e-01 8.857636937641188979e+00
2.688354949950783057e-01 7.941467222142014393e+00
2.842059252013066084e-01 7.072190246748027320e+00
3.004551460773787208e-01 6.217763344015565075e+00
3.176334016978615837e-01 5.542720771142024105e+00
3.357938087975759212e-01 4.847450072291222156e+00
3.549925210133909603e-01 4.276214713292653791e+00
3.752889025163962389e-01 3.788934771288576808e+00
3.967457115713384774e-01 3.333273345757651995e+00
4.194292945909068870e-01 2.904888445820140053e+00
4.434097912848986578e-01 2.556249332040298583e+00
4.687613515386053198e-01 2.234566715827538630e+00
4.955623646910287672e-01 1.946184952275290092e+00
5.238957019218746236e-01 1.708631298811255084e+00
5.538489724968058692e-01 1.488904151271439380e+00
5.855147946632918154e-01 1.280165143866611732e+00
6.189910820346860021e-01 1.108883223195657131e+00
6.543813463480574466e-01 9.594296668878470324e-01
6.917950175319338424e-01 8.305523695091379111e-01
7.313477820736313806e-01 7.118386937708491846e-01
7.731619407324363813e-01 6.091796092153558551e-01
8.173667867047196278e-01 5.195507958919376446e-01
8.640990054103039331e-01 4.433217081230105827e-01
9.135030971362627650e-01 3.773349998745796352e-01
9.657318238450005587e-01 3.204350518794469305e-01
1.020946681528190014e+00 2.712614373973489257e-01
1.079318399567122277e+00 2.299580053649983580e-01
1.141027468643541098e+00 1.966556023416872190e-01
1.206264698833311888e+00 1.691882503158659568e-01
1.275231809608598166e+00 1.469910729010295014e-01
1.348142053572885191e+00 1.275002461656239428e-01
1.425220875857504010e+00 1.069453957432298929e-01
1.506706611218559866e+00 9.037061980187395538e-02
1.592851220989757177e+00 7.692743010431075945e-02
1.683921072169850985e+00 6.624678169559021501e-02
1.780197761053726513e+00 5.772700426879762148e-02
1.881978983953853435e+00 4.928398434421316088e-02
1.989579457704466314e+00 4.208448941830968820e-02
2.103331892794750857e+00 3.747781124723813945e-02
2.223588022140051024e+00 3.533128573826876950e-02
