9.047924300294839933e-03 nan
9.565231320974773230e-03 nan
1.011211491024248746e-02 nan
1.069026608208863138e-02 nan
1.130147253272402973e-02 nan
1.194762416829961080e-02 nan
1.263071894866876418e-02 2.905348457090200895e+02
1.335286906526163622e-02 nan
1.411630747217388487e-02 nan
1.492339479066462013e-02 3.545111041732410513e+02
1.577662660841287062e-02 nan
1.667864119610254492e-02 nan
1.763222766519625950e-02 2.210256708019633152e+02
1.864033459212266139e-02 nan
1.970607913554394200e-02 3.429705994012288670e+02
2.083275667489504004e-02 nan
2.202385099999772805e-02 2.676288815832358523e+02
2.328304508325684113e-02 nan
2.461423246774719492e-02 1.482620974726896748e+02
2.602152930640427506e-02 2.340772613798771431e+02
2.750928708954497592e-02 2.678352242540968291e+02
2.908210610007291169e-02 2.516121367795861659e+02
3.074484963797321710e-02 1.719887470501271309e+02
3.250265905808012723e-02 1.900436206953915246e+02
3.436096966761552352e-02 1.489297186934260537e+02
3.632552753265518020e-02 1.598004791218555454e+02
3.840240724548967671e-02 1.480306417537227901e+02
4.059803070781841522e-02 1.477412804745530934e+02
4.291918698785599645e-02 1.188481805572066321e+02
4.537305331275100218e-02 1.190577761308356344e+02
4.796721726122769175e-02 1.038538224179583835e+02
5.070970022507212405e-02 1.020328324678955028e+02
5.360898221200802172e-02 1.009222936332763965e+02
5.667402806665487736e-02 1.019942999851856911e+02
5.991431519064605027e-02 7.843442317157575872e+01
6.333986284761988772e-02 7.018053549305253114e+01
6.696126314369774124e-02 6.716393709598395390e+01
7.078971377924322961e-02 6.665133458235190744e+01
7.483705267317405929e-02 5.953235479534085783e+01
7.911579456688830336e-02 5.371529688708864825e+01
8.363916972098736635e-02 5.309115238609597753e+01
8.842116482444964398e-02 4.520557647532486101e+01
9.347656624275002546e-02 3.952688280292861833e+01
9.882100573865204574e-02 3.806044023368453821e+01
1.044710088070454068e-01 3.298022860958676006e+01
1.104440457732851072e-01 3.012955198285948910e+01
1.167585858130325976e-01 2.699528588973743837e+01
1.234341540606332110e-01 2.468467531150929162e+01
1.304913919826141688e-01 2.334568625504150674e+01
1.379521212029839183e-01 2.121553643929142652e+01
1.458394109776858238e-01 1.863375381700718947e+01
1.541776495268439295e-01 1.658328829883145872e+01
1.629926194453663046e-01 1.508085265449750167e+01
1.723115774250824350e-01 1.356555289013368260e+01
1.821633385349232803e-01 1.219339729744700485e+01
1.925783653197451484e-01 1.076371920500767843e+01
2.035888619932995913e-01 9.869969668161996168e+00
2.152288740166030667e-01 8.844737871679678065e+00
2.275343933696106213e-01 7.881742405032585275e+00
2.405434698417041606e-01 7.068333682453701527e+00
2.542963286851153137e-01 6.154830774674121763e+00
2.688354949950783057e-01 5.517666157801794924e+00
2.842059252013066084e-01 4.911230208201815550e+00
3.004551460773787208e-01 4.315818198593617261e+00
3.176334016978615837e-01 3.848177965988979210e+00
3.357938087975759212e-01 3.364900753076838669e+00
3.549925210133909603e-01 2.967477373529686879e+00
3.752889025163962389e-01 2.627086121057646828e+00
3.967457115713384774e-01 2.310971020517928132e+00
4.194292945909068870e-01 2.012512519525637256e+00
4.434097912848986578e-01 1.771270347891615859e+00
4.687613515386053198e-01 1.547668679088047838e+00
4.955623646910287672e-01 1.346988106828981735e+00
5.238957019218746236e-01 1.182751704238631296e+00
5.538489724968058692e-01 1.029504611005242598e+00
5.855147946632918154e-01 8.849597338580610373e-01
6.189910820346860021e-01 7.659586455132253446e-01
6.543813463480574466e-01 6.625637930739616266e-01
6.917950175319338424e-01 5.729780013195002741e-01
7.313477820736313806e-01 4.907513758282769922e-01
7.731619407324363813e-01 4.198440796713826528e-01
8.173667867047196278e-01 3.576679414354786979e-01
8.640990054103039331e-01 3.049830924273116972e-01
9.135030971362627650e-01 2.592646780155365982e-01
9.657318238450005587e-01 2.199366186249649413e-01
1.020946681528190014e+00 1.859926609455083424e-01
1.079318399567122277e+00 1.575505193810162463e-01
1.141027468643541098e+00 1.345202250714765124e-01
1.206264698833311888e+00 1.156404017522650457e-01
1.275231809608598166e+00 1.003796500102898809e-01
1.348142053572885191e+00 8.694761495533873119e-02
1.425220875857504010e+00 7.283375619426341041e-02
1.506706611218559866e+00 6.146020309003785709e-02
1.592851220989757177e+00 5.222763865959910434e-02
1.683921072169850985e+00 4.492745860100041261e-02
1.780197761053726513e+00 3.910297202818133200e-02
1.881978983953853435e+00 3.331603844192143615e-02
1.989579457704466314e+00 2.840246664155937975e-02
2.103331892794750857e+00 2.519386771771862932e-02
2.223588022140051024e+00 2.385381708621824026e-02
