9.047924300294839933e-03 nan
9.565231320974773230e-03 nan
1.011211491024248746e-02 nan
1.069026608208863138e-02 nan
1.130147253272402973e-02 nan
1.194762416829961080e-02 nan
1.263071894866876418e-02 6.148187658256639261e+05
1.335286906526163622e-02 nan
1.411630747217388487e-02 nan
1.492339479066462013e-02 7.509084703158696648e+05
1.577662660841287062e-02 nan
1.667864119610254492e-02 nan
1.763222766519625950e-02 4.676661413486488163e+05
1.864033459212266139e-02 nan
1.970607913554394200e-02 7.264985198313608998e+05
2.083275667489504004e-02 nan
2.202385099999772805e-02 5.669342435353770852e+05
2.328304508325684113e-02 nan
2.461423246774719492e-02 3.135088328389680828e+05
2.602152930640427506e-02 4.953343066725738463e+05
2.750928708954497592e-02 5.670942863917289069e+05
2.908210610007291169e-02 5.314904192745443434e+05
3.074484963797321710e-02 3.650988865616302937e+05
3.250265905808012723e-02 4.019540168676885660e+05
3.436096966761552352e-02 3.164127000098526478e+05
3.632552753265518020e-02 3.374610791054337751e+05
3.840240724548967671e-02 3.132305735400213744e+05
4.059803070781841522e-02 3.126573892054363387e+05
4.291918698785599645e-02 2.520118228775268362e+05
4.537305331275100218e-02 2.515498606680264929e+05
4.796721726122769175e-02 2.202652715592116001e+05
5.070970022507212405e-02 2.156225407133895205e+05
5.360898221200802172e-02 2.134244692220314173e+05
5.667402806665487736e-02 2.154720949083690939e+05
5.991431519064605027e-02 1.656354125456537877e+05
6.333986284761988772e-02 1.483878422000849678e+05
6.696126314369774124e-02 1.421394868447250046e+05
7.078971377924322961e-02 1.411918677580998337e+05
7.483705267317405929e-02 1.260339795492391713e+05
7.911579456688830336e-02 1.136862474277882866e+05
8.363916972098736635e-02 1.124153834612667561e+05
8.842116482444964398e-02 9.586621704465069342e+04
9.347656624275002546e-02 8.377837091042491375e+04
9.882100573865204574e-02 8.052680587743202341e+04
1.044710088070454068e-01 6.995391145446179144e+04
1.104440457732851072e-01 6.372210728155248216e+04
1.167585858130325976e-01 5.717009150086293084e+04
1.234341540606332110e-01 5.234154694409043441e+04
1.304913919826141688e-01 4.937323607728234492e+04
1.379521212029839183e-01 4.493187352561244188e+04
1.458394109776858238e-01 3.946879268151986616e+04
1.541776495268439295e-01 3.516218728115981503e+04
1.629926194453663046e-01 3.194315056063670272e+04
1.723115774250824350e-01 2.879688402426828179e+04
1.821633385349232803e-01 2.581974356435417940e+04
1.925783653197451484e-01 2.284545586408297095e+04
2.035888619932995913e-01 2.094091662850364082e+04
2.152288740166030667e-01 1.877823371317516285e+04
2.275343933696106213e-01 1.673249730434743105e+04
2.405434698417041606e-01 1.500064067215080831e+04
2.542963286851153137e-01 1.307990787058411479e+04
2.688354949950783057e-01 1.172906864287873213e+04
2.842059252013066084e-01 1.045093952031224762e+04
3.004551460773787208e-01 9.192943259542887972e+03
3.176334016978615837e-01 8.192757267070386661e+03
3.357938087975759212e-01 7.166933826060395404e+03
3.549925210133909603e-01 6.325844162921296629e+03
3.752889025163962389e-01 5.610221959517775758e+03
3.967457115713384774e-01 4.935735478393120502e+03
4.194292945909068870e-01 4.305240522086976853e+03
4.434097912848986578e-01 3.788358471026924690e+03
4.687613515386053198e-01 3.313213657404617152e+03
4.955623646910287672e-01 2.888277132324684317e+03
5.238957019218746236e-01 2.535381248808371311e+03
5.538489724968058692e-01 2.212150239239300845e+03
5.855147946632918154e-01 1.902863383649351590e+03
6.189910820346860021e-01 1.649816907823014390e+03
6.543813463480574466e-01 1.427858469681960969e+03
6.917950175319338424e-01 1.237524456901298208e+03
7.313477820736313806e-01 1.061619029197584041e+03
7.731619407324363813e-01 9.088937047603478732e+02
8.173667867047196278e-01 7.762460554872399143e+02
8.640990054103039331e-01 6.629359023096793635e+02
9.135030971362627650e-01 5.650371133044707221e+02
9.657318238450005587e-01 4.804987627439530797e+02
1.020946681528190014e+00 4.073438241894791645e+02
1.079318399567122277e+00 3.457105596559055130e+02
1.141027468643541098e+00 2.961983792074816506e+02
1.206264698833311888e+00 2.551027317148615055e+02
1.275231809608598166e+00 2.219101516471081368e+02
1.348142053572885191e+00 1.928239027004602519e+02
1.425220875857504010e+00 1.620138130399045906e+02
1.506706611218559866e+00 1.371746148703201413e+02
1.592851220989757177e+00 1.169893274945782480e+02
1.683921072169850985e+00 1.009068148977318060e+02
1.780197761053726513e+00 8.814333809424078936e+01
1.881978983953853435e+00 7.542453248480711636e+01
1.989579457704466314e+00 6.454372793655754492e+01
2.103331892794750857e+00 5.769907269461111099e+01
2.223588022140051024e+00 5.400874221943007569e+01
