9.047924300294839933e-03 nan
9.565231320974773230e-03 nan
1.011211491024248746e-02 nan
1.069026608208863138e-02 nan
1.130147253272402973e-02 nan
1.194762416829961080e-02 nan
1.263071894866876418e-02 7.129198751003233483e+05
1.335286906526163622e-02 nan
1.411630747217388487e-02 nan
1.492339479066462013e-02 8.690149265689356253e+05
1.577662660841287062e-02 nan
1.667864119610254492e-02 nan
1.763222766519625950e-02 5.424378846278054407e+05
1.864033459212266139e-02 nan
1.970607913554394200e-02 8.429440306094159605e+05
2.083275667489504004e-02 nan
2.202385099999772805e-02 6.539268209688697243e+05
2.328304508325684113e-02 nan
2.461423246774719492e-02 3.636084733139860327e+05
2.602152930640427506e-02 5.735366825273439754e+05
2.750928708954497592e-02 6.557426904841655632e+05
2.908210610007291169e-02 6.147764506669180701e+05
3.074484963797321710e-02 4.225520353841204196e+05
3.250265905808012723e-02 4.660702157310522744e+05
3.436096966761552352e-02 3.698181023005644674e+05
3.632552753265518020e-02 3.903573514141993946e+05
3.840240724548967671e-02 3.633841382752532954e+05
4.059803070781841522e-02 3.625230820545450551e+05
4.291918698785599645e-02 2.917685806121163769e+05
4.537305331275100218e-02 2.900561356443705736e+05
4.796721726122769175e-02 2.562736119980543735e+05
5.070970022507212405e-02 2.489414823717639374e+05
5.360898221200802172e-02 2.474022157028288930e+05
5.667402806665487736e-02 2.493024055538686516e+05
5.991431519064605027e-02 1.912386057985879306e+05
6.333986284761988772e-02 1.712616209661818866e+05
6.696126314369774124e-02 1.645423822220157599e+05
7.078971377924322961e-02 1.632279176419524010e+05
7.483705267317405929e-02 1.459277259927116393e+05
7.911579456688830336e-02 1.314778306599413918e+05
8.363916972098736635e-02 1.295614054581079836e+05
8.842116482444964398e-02 1.107830297061114397e+05
9.347656624275002546e-02 9.679614771263403236e+04
9.882100573865204574e-02 9.296087835157584050e+04
1.044710088070454068e-01 8.095347776729860925e+04
1.104440457732851072e-01 7.353255833213203005e+04
1.167585858130325976e-01 6.611847055868156895e+04
1.234341540606332110e-01 6.058139909662304854e+04
1.304913919826141688e-01 5.708526670027610089e+04
1.379521212029839183e-01 5.197843265979368880e+04
1.458394109776858238e-01 4.562963642741589138e+04
1.541776495268439295e-01 4.068198262572915701e+04
1.629926194453663046e-01 3.701265964143029123e+04
1.723115774250824350e-01 3.334767558964436466e+04
1.821633385349232803e-01 2.984029005287904511e+04
1.925783653197451484e-01 2.645267917954159566e+04
2.035888619932995913e-01 2.423639324672556540e+04
2.152288740166030667e-01 2.172779619461559923e+04
2.275343933696106213e-01 1.936490846979612252e+04
2.405434698417041606e-01 1.734318256839761307e+04
2.542963286851153137e-01 1.514184721721524693e+04
2.688354949950783057e-01 1.360182420599947545e+04
2.842059252013066084e-01 1.212151226420135208e+04
3.004551460773787208e-01 1.065930306306701823e+04
3.176334016978615837e-01 9.498733838660533365e+03
3.357938087975759212e-01 8.315217869284646440e+03
3.549925210133909603e-01 7.353281668112977059e+03
3.752889025163962389e-01 6.522233300804994542e+03
3.967457115713384774e-01 5.737373171551012092e+03
4.194292945909068870e-01 5.012333837418911571e+03
4.434097912848986578e-01 4.410068793524836110e+03
4.687613515386053198e-01 3.859387615991187886e+03
4.955623646910287672e-01 3.369718897508583268e+03
5.238957019218746236e-01 2.958054780921759630e+03
5.538489724968058692e-01 2.584718442360629979e+03
5.855147946632918154e-01 2.226537730613481926e+03
6.189910820346860021e-01 1.934112879818639840e+03
6.543813463480574466e-01 1.674147363717251210e+03
6.917950175319338424e-01 1.454596799862178841e+03
7.313477820736313806e-01 1.250600511339903733e+03
7.731619407324363813e-01 1.072409472372099799e+03
8.173667867047196278e-01 9.184298032232575224e+02
8.640990054103039331e-01 7.868614406649576267e+02
9.135030971362627650e-01 6.723892717662678251e+02
9.657318238450005587e-01 5.747981732690699346e+02
1.020946681528190014e+00 4.895910800853595219e+02
1.079318399567122277e+00 4.174053000153527933e+02
1.141027468643541098e+00 3.596255327919971023e+02
1.206264698833311888e+00 3.111537299613635810e+02
1.275231809608598166e+00 2.723746360788478000e+02
1.348142053572885191e+00 2.384508668877659261e+02
1.425220875857504010e+00 2.019954643318008323e+02
1.506706611218559866e+00 1.726617611238687289e+02
1.592851220989757177e+00 1.487286197436301336e+02
1.683921072169850985e+00 1.297549453053600530e+02
1.780197761053726513e+00 1.147315502134692622e+02
1.881978983953853435e+00 9.944165581434737078e+01
1.989579457704466314e+00 8.618047096237482663e+01
2.103331892794750857e+00 7.814631494482355833e+01
2.223588022140051024e+00 7.283777336765176358e+01
