9.047924300294839933e-03 nan
9.565231320974773230e-03 nan
1.011211491024248746e-02 nan
1.069026608208863138e-02 nan
1.130147253272402973e-02 nan
1.194762416829961080e-02 nan
1.263071894866876418e-02 3.211734964458162431e+05
1.335286906526163622e-02 nan
1.411630747217388487e-02 nan
1.492339479066462013e-02 4.149870032626776956e+05
1.577662660841287062e-02 nan
1.667864119610254492e-02 nan
1.763222766519625950e-02 2.488645145414425060e+05
1.864033459212266139e-02 nan
1.970607913554394200e-02 4.017009951565247029e+05
2.083275667489504004e-02 nan
2.202385099999772805e-02 3.846409895419998211e+05
2.328304508325684113e-02 nan
2.461423246774719492e-02 1.970871474817218259e+05
2.602152930640427506e-02 2.956854038410711801e+05
2.750928708954497592e-02 3.598737000544645707e+05
2.908210610007291169e-02 2.830130133490202134e+05
3.074484963797321710e-02 2.711515058306613937e+05
3.250265905808012723e-02 2.277136322575783706e+05
3.436096966761552352e-02 1.648791018485054374e+05
3.632552753265518020e-02 2.070765668904139311e+05
3.840240724548967671e-02 2.131556255462408590e+05
4.059803070781841522e-02 2.014583736746218055e+05
4.291918698785599645e-02 2.116310313800165022e+05
4.537305331275100218e-02 1.789685306358218368e+05
4.796721726122769175e-02 1.474320622923627379e+05
5.070970022507212405e-02 1.647290802717894840e+05
5.360898221200802172e-02 1.554160642531916383e+05
5.667402806665487736e-02 1.548265525380351173e+05
5.991431519064605027e-02 1.348170077548394620e+05
6.333986284761988772e-02 1.305658908011663152e+05
6.696126314369774124e-02 1.233900316732035863e+05
7.078971377924322961e-02 1.252367921665952454e+05
7.483705267317405929e-02 1.064156215771227726e+05
7.911579456688830336e-02 1.026049705598228029e+05
8.363916972098736635e-02 1.034878771225643140e+05
8.842116482444964398e-02 9.419238914592818765e+04
9.347656624275002546e-02 8.622850164885066624e+04
9.882100573865204574e-02 8.061539370728835638e+04
1.044710088070454068e-01 7.307975059655246150e+04
1.104440457732851072e-01 6.643869227798559587e+04
1.167585858130325976e-01 6.242247770542875514e+04
1.234341540606332110e-01 5.689940053933356103e+04
1.304913919826141688e-01 5.175534363095285516e+04
1.379521212029839183e-01 4.991461638800881337e+04
1.458394109776858238e-01 4.446726765677451476e+04
1.541776495268439295e-01 4.152232293606354506e+04
1.629926194453663046e-01 3.607196990957652451e+04
1.723115774250824350e-01 3.420023881974473625e+04
1.821633385349232803e-01 3.068501088673526101e+04
1.925783653197451484e-01 2.806689763397469869e+04
2.035888619932995913e-01 2.506863966667456771e+04
2.152288740166030667e-01 2.253275208942308382e+04
2.275343933696106213e-01 2.008887557902449771e+04
2.405434698417041606e-01 1.813420095549539838e+04
2.542963286851153137e-01 1.588895669868889672e+04
2.688354949950783057e-01 1.395669560106055360e+04
2.842059252013066084e-01 1.229120156536834475e+04
3.004551460773787208e-01 1.082512012580546980e+04
3.176334016978615837e-01 9.639360395734560370e+03
3.357938087975759212e-01 8.408443139383329253e+03
3.549925210133909603e-01 7.294275468552842540e+03
3.752889025163962389e-01 6.345585837212300248e+03
3.967457115713384774e-01 5.535136109379189293e+03
4.194292945909068870e-01 4.837552652477543234e+03
4.434097912848986578e-01 4.186602079900363606e+03
4.687613515386053198e-01 3.630926830247413818e+03
4.955623646910287672e-01 3.128323458347216274e+03
5.238957019218746236e-01 2.720935398398944926e+03
5.538489724968058692e-01 2.342463384127795962e+03
5.855147946632918154e-01 2.029605947489955497e+03
6.189910820346860021e-01 1.754229657533157479e+03
6.543813463480574466e-01 1.524322866737946470e+03
6.917950175319338424e-01 1.321781582453664896e+03
7.313477820736313806e-01 1.148489868722173469e+03
7.731619407324363813e-01 1.002077164712304807e+03
8.173667867047196278e-01 8.755198669199678534e+02
8.640990054103039331e-01 7.677557998813614404e+02
9.135030971362627650e-01 6.792989234956380642e+02
9.657318238450005587e-01 6.048403763744016715e+02
1.020946681528190014e+00 5.432789559240641211e+02
1.079318399567122277e+00 4.926929923670597873e+02
1.141027468643541098e+00 4.509794789934285291e+02
1.206264698833311888e+00 4.179792139015825114e+02
1.275231809608598166e+00 3.930384116506231749e+02
1.348142053572885191e+00 3.699885618704579997e+02
1.425220875857504010e+00 3.453667281426993441e+02
1.506706611218559866e+00 3.252209549130245136e+02
1.592851220989757177e+00 3.079170790256594046e+02
1.683921072169850985e+00 2.952795314047409647e+02
1.780197761053726513e+00 2.828884752461791550e+02
1.881978983953853435e+00 2.690701067583260624e+02
1.989579457704466314e+00 2.559999108149511073e+02
2.103331892794750857e+00 2.491555164623987366e+02
2.223588022140051024e+00 2.477557011487282921e+02
