9.047924300294839933e-03 nan
9.565231320974773230e-03 nan
1.011211491024248746e-02 nan
1.069026608208863138e-02 nan
1.130147253272402973e-02 nan
1.194762416829961080e-02 nan
1.263071894866876418e-02 5.040373746001448296e+01
1.335286906526163622e-02 nan
1.411630747217388487e-02 nan
1.492339479066462013e-02 4.021895915498437546e+01
1.577662660841287062e-02 nan
1.667864119610254492e-02 nan
1.763222766519625950e-02 2.572990016749983155e+01
1.864033459212266139e-02 nan
1.970607913554394200e-02 2.048508173024904622e+01
2.083275667489504004e-02 nan
2.202385099999772805e-02 1.724768927877886071e+01
2.328304508325684113e-02 nan
2.461423246774719492e-02 9.672110539109993965e+00
2.602152930640427506e-02 7.619489724213329040e+00
2.750928708954497592e-02 -8.523104865645830808e-02
2.908210610007291169e-02 1.824981335569800578e+00
3.074484963797321710e-02 9.247993520253491084e+00
3.250265905808012723e-02 3.945382620977876176e+00
3.436096966761552352e-02 -4.735290461782411420e+00
3.632552753265518020e-02 2.063043499150063464e+00
3.840240724548967671e-02 4.183785236742019187e+00
4.059803070781841522e-02 2.613866057700591217e+00
4.291918698785599645e-02 1.137640133002377318e+00
4.537305331275100218e-02 -6.608545350894719228e-02
4.796721726122769175e-02 1.427727285208536090e+00
5.070970022507212405e-02 3.580816296520021313e-01
5.360898221200802172e-02 -6.907278646076369100e+00
5.667402806665487736e-02 -1.681611818826851845e+00
5.991431519064605027e-02 -2.195758129635078770e+00
6.333986284761988772e-02 -4.433051933658577859e+00
6.696126314369774124e-02 -3.804389561594054392e+00
7.078971377924322961e-02 -2.339224605260594281e+00
7.483705267317405929e-02 -4.243909369562842926e+00
7.911579456688830336e-02 -3.442865117973158640e+00
8.363916972098736635e-02 -3.647390862399063405e+00
8.842116482444964398e-02 -6.697960094142083598e+00
9.347656624275002546e-02 -3.349451986810986881e+00
9.882100573865204574e-02 -3.710738328365704497e+00
1.044710088070454068e-01 -4.535540391887672995e-01
1.104440457732851072e-01 -2.734495369820698851e+00
1.167585858130325976e-01 -1.560054734066190552e+00
1.234341540606332110e-01 9.961861538803291893e-02
1.304913919826141688e-01 1.029355370160378147e+00
1.379521212029839183e-01 2.567505196728797401e+00
1.458394109776858238e-01 2.741949311156576918e+00
1.541776495268439295e-01 2.409266612596753454e+00
1.629926194453663046e-01 1.994663926227024930e+00
1.723115774250824350e-01 1.807030641729805653e+00
1.821633385349232803e-01 -3.528435409645522269e-02
1.925783653197451484e-01 4.581097133279332101e-01
2.035888619932995913e-01 2.491561531441008892e+00
2.152288740166030667e-01 2.777200299696937158e+00
2.275343933696106213e-01 3.322302294182455817e+00
2.405434698417041606e-01 5.093843809176787474e+00
2.542963286851153137e-01 4.181748724201399092e+00
2.688354949950783057e-01 1.900684723128899689e+00
2.842059252013066084e-01 2.191756016887997927e+00
3.004551460773787208e-01 2.410882537484735355e+00
3.176334016978615837e-01 2.365033207227137169e+00
3.357938087975759212e-01 1.709747450491526877e+00
3.549925210133909603e-01 2.542052713033107647e+00
3.752889025163962389e-01 3.737102267803075417e+00
3.967457115713384774e-01 2.841848930759756975e+00
4.194292945909068870e-01 2.870536146472548289e+00
4.434097912848986578e-01 2.644442940078961080e+00
4.687613515386053198e-01 2.755885411195162948e+00
4.955623646910287672e-01 2.137377273211170881e+00
5.238957019218746236e-01 2.880763274226929571e+00
5.538489724968058692e-01 3.179981729775612109e+00
5.855147946632918154e-01 2.912849302369298066e+00
6.189910820346860021e-01 3.309763820808873991e+00
6.543813463480574466e-01 3.341126881541863547e+00
6.917950175319338424e-01 3.283058752495746191e+00
7.313477820736313806e-01 2.893155854075040612e+00
7.731619407324363813e-01 2.935708244850576687e+00
8.173667867047196278e-01 2.681656265064736644e+00
8.640990054103039331e-01 2.965889887181279772e+00
9.135030971362627650e-01 2.890300850487900863e+00
9.657318238450005587e-01 2.801741254062788400e+00
1.020946681528190014e+00 3.095582961130767696e+00
1.079318399567122277e+00 2.766946924601692004e+00
1.141027468643541098e+00 2.821642384957187222e+00
1.206264698833311888e+00 3.146750091721805642e+00
1.275231809608598166e+00 2.914498513132121271e+00
1.348142053572885191e+00 2.896627330457402394e+00
1.425220875857504010e+00 3.007030240442916114e+00
1.506706611218559866e+00 2.838327198256920259e+00
1.592851220989757177e+00 2.900696171182859384e+00
1.683921072169850985e+00 2.849610103844687714e+00
1.780197761053726513e+00 2.958664926417185814e+00
1.881978983953853435e+00 2.603629237601017277e+00
1.989579457704466314e+00 3.434623519212287590e+00
2.103331892794750857e+00 3.609156288824594494e+00
2.223588022140051024e+00 3.929953434941135360e+00
