9.047924300294839933e-03 nan
9.565231320974773230e-03 nan
1.011211491024248746e-02 nan
1.069026608208863138e-02 nan
1.130147253272402973e-02 nan
1.194762416829961080e-02 nan
1.263071894866876418e-02 3.443250461216203462e+01
1.335286906526163622e-02 nan
1.411630747217388487e-02 nan
1.492339479066462013e-02 2.762898124712468828e+01
1.577662660841287062e-02 nan
1.667864119610254492e-02 nan
1.763222766519625950e-02 1.799251121746831927e+01
1.864033459212266139e-02 nan
1.970607913554394200e-02 1.446730442979160536e+01
2.083275667489504004e-02 nan
2.202385099999772805e-02 1.226555723018955391e+01
2.328304508325684113e-02 nan
2.461423246774719492e-02 7.207022845436479308e+00
2.602152930640427506e-02 5.771353205296446021e+00
2.750928708954497592e-02 6.301271369055563287e-01
2.908210610007291169e-02 1.901865244250615872e+00
3.074484963797321710e-02 6.775135057403861794e+00
3.250265905808012723e-02 3.330121564810028190e+00
3.436096966761552352e-02 -2.628380745993108558e+00
3.632552753265518020e-02 2.025041473717039686e+00
3.840240724548967671e-02 3.507066420195616541e+00
4.059803070781841522e-02 2.423203830132953929e+00
4.291918698785599645e-02 1.473644417710935572e+00
4.537305331275100218e-02 6.817038533717896254e-01
4.796721726122769175e-02 1.678219949782682185e+00
5.070970022507212405e-02 1.001347589994954213e+00
5.360898221200802172e-02 -3.836864211632351918e+00
5.667402806665487736e-02 -3.034601678228532329e-01
5.991431519064605027e-02 -6.520820870164431016e-01
6.333986284761988772e-02 -2.164279098936323198e+00
6.696126314369774124e-02 -1.758967758682101978e+00
7.078971377924322961e-02 -8.071110109631236540e-01
7.483705267317405929e-02 -2.137333050061277717e+00
7.911579456688830336e-02 -1.586827291242191462e+00
8.363916972098736635e-02 -1.711751356954580805e+00
8.842116482444964398e-02 -3.688376111561786352e+00
9.347656624275002546e-02 -1.322861356304090741e+00
9.882100573865204574e-02 -1.532984114510889784e+00
1.044710088070454068e-01 6.711388555724617788e-01
1.104440457732851072e-01 -9.643619295027845428e-01
1.167585858130325976e-01 -1.630435721650083658e-01
1.234341540606332110e-01 9.815219620076648388e-01
1.304913919826141688e-01 1.578700731595962692e+00
1.379521212029839183e-01 2.635279229790779887e+00
1.458394109776858238e-01 2.794001958427698717e+00
1.541776495268439295e-01 2.581768476916496802e+00
1.629926194453663046e-01 2.249207961001140177e+00
1.723115774250824350e-01 2.082044623146901419e+00
1.821633385349232803e-01 8.320381081422961733e-01
1.925783653197451484e-01 1.161950744177938422e+00
2.035888619932995913e-01 2.402498784319223812e+00
2.152288740166030667e-01 2.572163370700566887e+00
2.275343933696106213e-01 3.142366276816686899e+00
2.405434698417041606e-01 4.331300062077413138e+00
2.542963286851153137e-01 3.759865085905513826e+00
2.688354949950783057e-01 2.210409587816437149e+00
2.842059252013066084e-01 2.446008466087302491e+00
3.004551460773787208e-01 2.607015232008364158e+00
3.176334016978615837e-01 2.407745947438658884e+00
3.357938087975759212e-01 1.957376123110907695e+00
3.549925210133909603e-01 2.552222371885799479e+00
3.752889025163962389e-01 3.422483625914825023e+00
3.967457115713384774e-01 2.739596543363907344e+00
4.194292945909068870e-01 2.787273304931169982e+00
4.434097912848986578e-01 2.664210890807888976e+00
4.687613515386053198e-01 2.751311151982025471e+00
4.955623646910287672e-01 2.348677826339844010e+00
5.238957019218746236e-01 2.792771780581933427e+00
5.538489724968058692e-01 2.986547714175628254e+00
5.855147946632918154e-01 3.041441287981805353e+00
6.189910820346860021e-01 3.170214698763107020e+00
6.543813463480574466e-01 3.139557665773220041e+00
6.917950175319338424e-01 3.087812413229698016e+00
7.313477820736313806e-01 2.964378640172051771e+00
7.731619407324363813e-01 2.955977198764746294e+00
8.173667867047196278e-01 2.712628376046775092e+00
8.640990054103039331e-01 2.910913823694726510e+00
9.135030971362627650e-01 2.935951820435068083e+00
9.657318238450005587e-01 2.823227310097130793e+00
1.020946681528190014e+00 3.059163011000921806e+00
1.079318399567122277e+00 2.898092256572082803e+00
1.141027468643541098e+00 2.906397210025975841e+00
1.206264698833311888e+00 3.077825339411302874e+00
1.275231809608598166e+00 2.929369719050026966e+00
1.348142053572885191e+00 2.974754318618697990e+00
1.425220875857504010e+00 3.020814121796789209e+00
1.506706611218559866e+00 2.881640571467488865e+00
1.592851220989757177e+00 2.979761167295487567e+00
1.683921072169850985e+00 3.042020793014934554e+00
1.780197761053726513e+00 3.083628371462269868e+00
1.881978983953853435e+00 2.681593456031320155e+00
1.989579457704466314e+00 3.397252911294894595e+00
2.103331892794750857e+00 3.860559303516757801e+00
2.223588022140051024e+00 4.233964766684291448e+00
