9.047924300294839933e-03 nan
9.565231320974773230e-03 nan
1.011211491024248746e-02 nan
1.069026608208863138e-02 nan
1.130147253272402973e-02 nan
1.194762416829961080e-02 nan
1.263071894866876418e-02 3.823634954172425182e+01
1.335286906526163622e-02 nan
1.411630747217388487e-02 nan
1.492339479066462013e-02 3.059492619974609440e+01
1.577662660841287062e-02 nan
1.667864119610254492e-02 nan
1.763222766519625950e-02 1.976600517865288609e+01
1.864033459212266139e-02 nan
1.970607913554394200e-02 1.581652479558896651e+01
2.083275667489504004e-02 nan
2.202385099999772805e-02 1.335742910291481422e+01
2.328304508325684113e-02 nan
2.461423246774719492e-02 7.687480196363893015e+00
2.602152930640427506e-02 6.098868995147290306e+00
2.750928708954497592e-02 3.339625010810442496e-01
2.908210610007291169e-02 1.768326661615346795e+00
3.074484963797321710e-02 7.269512395948683370e+00
3.250265905808012723e-02 3.383519527070807165e+00
3.436096966761552352e-02 -3.273536568208302633e+00
3.632552753265518020e-02 1.946044613412461155e+00
3.840240724548967671e-02 3.605352700263121157e+00
4.059803070781841522e-02 2.414711491699974122e+00
4.291918698785599645e-02 1.341336916182585881e+00
4.537305331275100218e-02 4.381691608467378485e-01
4.796721726122769175e-02 1.570601681721455423e+00
5.070970022507212405e-02 8.008321812761424185e-01
5.360898221200802172e-02 -4.648765144225991186e+00
5.667402806665487736e-02 -6.976418772716994621e-01
5.991431519064605027e-02 -1.098226171558558173e+00
6.333986284761988772e-02 -2.787409399734557258e+00
6.696126314369774124e-02 -2.339420206820966186e+00
7.078971377924322961e-02 -1.264119794624992243e+00
7.483705267317405929e-02 -2.744452518121148099e+00
7.911579456688830336e-02 -2.124710749222047390e+00
8.363916972098736635e-02 -2.277223764751969970e+00
8.842116482444964398e-02 -4.504010638787377729e+00
9.347656624275002546e-02 -1.913364743298083370e+00
9.882100573865204574e-02 -2.142570949610843378e+00
1.044710088070454068e-01 3.091721404015602137e-01
1.104440457732851072e-01 -1.482242842528031179e+00
1.167585858130325976e-01 -5.910643313757664163e-01
1.234341540606332110e-01 6.763078627193110925e-01
1.304913919826141688e-01 1.360253168361748699e+00
1.379521212029839183e-01 2.535738592960131044e+00
1.458394109776858238e-01 2.691922358259910553e+00
1.541776495268439295e-01 2.454373333331577367e+00
1.629926194453663046e-01 2.110632806827589469e+00
1.723115774250824350e-01 1.930201628770551903e+00
1.821633385349232803e-01 5.258252306890520700e-01
1.925783653197451484e-01 8.954328502010394653e-01
2.035888619932995913e-01 2.329781862891997513e+00
2.152288740166030667e-01 2.520959952848275787e+00
2.275343933696106213e-01 3.090773879923211620e+00
2.405434698417041606e-01 4.422351132751150438e+00
2.542963286851153137e-01 3.755286967903636253e+00
2.688354949950783057e-01 2.020751501354807633e+00
2.842059252013066084e-01 2.270368601524712204e+00
3.004551460773787208e-01 2.455222030053515248e+00
3.176334016978615837e-01 2.321383095328219071e+00
3.357938087975759212e-01 1.807705672496153770e+00
3.549925210133909603e-01 2.469174130766728315e+00
3.752889025163962389e-01 3.405153942705525072e+00
3.967457115713384774e-01 2.658844517839761945e+00
4.194292945909068870e-01 2.704646996324541863e+00
4.434097912848986578e-01 2.573804698435223415e+00
4.687613515386053198e-01 2.673745077429353412e+00
4.955623646910287672e-01 2.199627622808765448e+00
5.238957019218746236e-01 2.719576075687375472e+00
5.538489724968058692e-01 2.931969288661433470e+00
5.855147946632918154e-01 2.882452657019988429e+00
6.189910820346860021e-01 3.108183609298343253e+00
6.543813463480574466e-01 3.090288975358924439e+00
6.917950175319338424e-01 3.021370147946575102e+00
7.313477820736313806e-01 2.816594581884538595e+00
7.731619407324363813e-01 2.846069475652941438e+00
8.173667867047196278e-01 2.587549458930595403e+00
8.640990054103039331e-01 2.808396700273080526e+00
9.135030971362627650e-01 2.812997024396204804e+00
9.657318238450005587e-01 2.718196668606623678e+00
1.020946681528190014e+00 2.944156750942036993e+00
1.079318399567122277e+00 2.737904120964790522e+00
1.141027468643541098e+00 2.759718573597872204e+00
1.206264698833311888e+00 2.962993714962125047e+00
1.275231809608598166e+00 2.810060261950929839e+00
1.348142053572885191e+00 2.833438351231485797e+00
1.425220875857504010e+00 2.905911302149422948e+00
1.506706611218559866e+00 2.754916432271341087e+00
1.592851220989757177e+00 2.887665242852008429e+00
1.683921072169850985e+00 2.922112183963851972e+00
1.780197761053726513e+00 2.956386572355477860e+00
1.881978983953853435e+00 2.518682527261636217e+00
1.989579457704466314e+00 3.349017875819979118e+00
2.103331892794750857e+00 3.748412542888073240e+00
2.223588022140051024e+00 4.078327761352089631e+00
