9.047924300294839933e-03 nan
9.565231320974773230e-03 nan
1.011211491024248746e-02 nan
1.069026608208863138e-02 nan
1.130147253272402973e-02 nan
1.194762416829961080e-02 nan
1.263071894866876418e-02 2.982915002208521571e+01
1.335286906526163622e-02 nan
1.411630747217388487e-02 nan
1.492339479066462013e-02 2.397911782826852800e+01
1.577662660841287062e-02 nan
1.667864119610254492e-02 nan
1.763222766519625950e-02 1.573591038132360254e+01
1.864033459212266139e-02 nan
1.970607913554394200e-02 1.268491384320637394e+01
2.083275667489504004e-02 nan
2.202385099999772805e-02 1.076068477747442920e+01
2.328304508325684113e-02 nan
2.461423246774719492e-02 6.407612843123696500e+00
2.602152930640427506e-02 5.135896731513795110e+00
2.750928708954497592e-02 7.289406075111062311e-01
2.908210610007291169e-02 1.815210783529182414e+00
3.074484963797321710e-02 5.949042278745790391e+00
3.250265905808012723e-02 3.048797307893458708e+00
3.436096966761552352e-02 -2.191979061785172433e+00
3.632552753265518020e-02 1.902227537461280926e+00
3.840240724548967671e-02 3.226842566690507397e+00
4.059803070781841522e-02 2.294660374728489494e+00
4.291918698785599645e-02 1.500151369450600791e+00
4.537305331275100218e-02 8.147221182420834040e-01
4.796721726122769175e-02 1.686584911864894343e+00
5.070970022507212405e-02 1.116652573490007905e+00
5.360898221200802172e-02 -3.025120630098844909e+00
5.667402806665487736e-02 1.210050176855928701e-02
5.991431519064605027e-02 -2.992589625001880194e-01
6.333986284761988772e-02 -1.593674190778033628e+00
6.696126314369774124e-02 -1.260689430166014313e+00
7.078971377924322961e-02 -4.553130090695060028e-01
7.483705267317405929e-02 -1.615805815788918132e+00
7.911579456688830336e-02 -1.135542883468149578e+00
8.363916972098736635e-02 -1.242656900771274442e+00
8.842116482444964398e-02 -2.915310043705879650e+00
9.347656624275002546e-02 -8.361616170219947630e-01
9.882100573865204574e-02 -1.002792038065503988e+00
1.044710088070454068e-01 9.007671441587260519e-01
1.104440457732851072e-01 -5.408931233072633571e-01
1.167585858130325976e-01 1.554503574889465611e-01
1.234341540606332110e-01 1.159870033739982098e+00
1.304913919826141688e-01 1.659763959266960853e+00
1.379521212029839183e-01 2.577540009927523634e+00
1.458394109776858238e-01 2.729201950663612042e+00
1.541776495268439295e-01 2.545719382780600615e+00
1.629926194453663046e-01 2.233459428078695019e+00
1.723115774250824350e-01 2.077920289837722478e+00
1.821633385349232803e-01 9.956301893385990365e-01
1.925783653197451484e-01 1.274215031786030350e+00
2.035888619932995913e-01 2.289097214268095648e+00
2.152288740166030667e-01 2.419350720332127835e+00
2.275343933696106213e-01 2.998698293540152271e+00
2.405434698417041606e-01 4.035623070099235932e+00
2.542963286851153137e-01 3.547452399192138284e+00
2.688354949950783057e-01 2.192911050031656206e+00
2.842059252013066084e-01 2.417831623369938843e+00
3.004551460773787208e-01 2.576022257743123767e+00
3.176334016978615837e-01 2.351281908414632138e+00
3.357938087975759212e-01 1.958812416505784970e+00
3.549925210133909603e-01 2.479903654279810521e+00
3.752889025163962389e-01 3.247754343342978967e+00
3.967457115713384774e-01 2.625268940576752197e+00
4.194292945909068870e-01 2.687487802902007505e+00
4.434097912848986578e-01 2.594749345586111922e+00
4.687613515386053198e-01 2.664568481793234689e+00
4.955623646910287672e-01 2.308542205925067758e+00
5.238957019218746236e-01 2.678319535002364304e+00
5.538489724968058692e-01 2.831544002115121916e+00
5.855147946632918154e-01 2.987048076661705132e+00
6.189910820346860021e-01 3.039981251921352268e+00
6.543813463480574466e-01 2.982580538239308243e+00
6.917950175319338424e-01 2.935841892287343491e+00
7.313477820736313806e-01 2.915032574815477506e+00
7.731619407324363813e-01 2.850931390932629927e+00
8.173667867047196278e-01 2.637845462446614331e+00
8.640990054103039331e-01 2.825442297806095127e+00
9.135030971362627650e-01 2.853702534562871929e+00
9.657318238450005587e-01 2.735714281573509599e+00
1.020946681528190014e+00 2.949068426698075562e+00
1.079318399567122277e+00 2.810952897030181141e+00
1.141027468643541098e+00 2.826098927532612493e+00
1.206264698833311888e+00 2.989077669315923558e+00
1.275231809608598166e+00 2.846949421122478174e+00
1.348142053572885191e+00 2.906827935216330872e+00
1.425220875857504010e+00 2.918098629570795577e+00
1.506706611218559866e+00 2.828968554636167365e+00
1.592851220989757177e+00 2.876707933442949283e+00
1.683921072169850985e+00 2.990096141527765372e+00
1.780197761053726513e+00 2.972442923158510997e+00
1.881978983953853435e+00 2.806361660673886593e+00
1.989579457704466314e+00 3.291265542325457538e+00
2.103331892794750857e+00 3.772388020965703248e+00
2.223588022140051024e+00 4.357696840405568040e+00
