9.047924300294839933e-03 nan
9.565231320974773230e-03 nan
1.011211491024248746e-02 nan
1.069026608208863138e-02 nan
1.130147253272402973e-02 nan
1.194762416829961080e-02 nan
1.263071894866876418e-02 2.516377663965435829e+01
1.335286906526163622e-02 nan
1.411630747217388487e-02 nan
1.492339479066462013e-02 2.026148211254217202e+01
1.577662660841287062e-02 nan
1.667864119610254492e-02 nan
1.763222766519625950e-02 1.342981974116048782e+01
1.864033459212266139e-02 nan
1.970607913554394200e-02 1.083624143692670749e+01
2.083275667489504004e-02 nan
2.202385099999772805e-02 9.173659066203690315e+00
2.328304508325684113e-02 nan
2.461423246774719492e-02 5.510602377246496708e+00
2.602152930640427506e-02 4.397718011093135537e+00
2.750928708954497592e-02 7.376031960747693184e-01
2.908210610007291169e-02 1.629621252589239511e+00
3.074484963797321710e-02 4.999291148018281561e+00
3.250265905808012723e-02 2.655590492208276476e+00
3.436096966761552352e-02 -1.883191343050159228e+00
3.632552753265518020e-02 1.668859441925075071e+00
3.840240724548967671e-02 2.843114997107437425e+00
4.059803070781841522e-02 2.072255060046236608e+00
4.291918698785599645e-02 1.434084031290277617e+00
4.537305331275100218e-02 8.525274374062753457e-01
4.796721726122769175e-02 1.613298650813397517e+00
5.070970022507212405e-02 1.148067141655090495e+00
5.360898221200802172e-02 -2.295013623370683931e+00
5.667402806665487736e-02 2.446203586971227306e-01
5.991431519064605027e-02 -3.585232064486063019e-02
6.333986284761988772e-02 -1.098625688017478064e+00
6.696126314369774124e-02 -8.513087729546700011e-01
7.078971377924322961e-02 -1.765084718576244716e-01
7.483705267317405929e-02 -1.165341377303201309e+00
7.911579456688830336e-02 -7.525416573505191442e-01
8.363916972098736635e-02 -8.440303406086817617e-01
8.842116482444964398e-02 -2.213053457976096539e+00
9.347656624275002546e-02 -4.245887462555694158e-01
9.882100573865204574e-02 -5.518088382666628267e-01
1.044710088070454068e-01 1.045654396923278773e+00
1.104440457732851072e-01 -1.944634077075138301e-01
1.167585858130325976e-01 3.979603057575968328e-01
1.234341540606332110e-01 1.274584981462520972e+00
1.304913919826141688e-01 1.673885094291608588e+00
1.379521212029839183e-01 2.459607268443852135e+00
1.458394109776858238e-01 2.609626209687947007e+00
1.541776495268439295e-01 2.453677492236868041e+00
1.629926194453663046e-01 2.153596933619901677e+00
1.723115774250824350e-01 2.010204532781611153e+00
1.821633385349232803e-01 1.094907914665230075e+00
1.925783653197451484e-01 1.319094882572197314e+00
2.035888619932995913e-01 2.096708200182637150e+00
2.152288740166030667e-01 2.182967107495405568e+00
2.275343933696106213e-01 2.789273141802217193e+00
2.405434698417041606e-01 3.679707416801537789e+00
2.542963286851153137e-01 3.265552946390271050e+00
2.688354949950783057e-01 2.088558000847527740e+00
2.842059252013066084e-01 2.299503027574585801e+00
3.004551460773787208e-01 2.454632033810460356e+00
3.176334016978615837e-01 2.226330004305687726e+00
3.357938087975759212e-01 1.910798648398025490e+00
3.549925210133909603e-01 2.329882207899629076e+00
3.752889025163962389e-01 2.997665060946872462e+00
3.967457115713384774e-01 2.433283182554235147e+00
4.194292945909068870e-01 2.515138077005571127e+00
4.434097912848986578e-01 2.459523794924965756e+00
4.687613515386053198e-01 2.491923584168118655e+00
4.955623646910287672e-01 2.194437081787187438e+00
5.238957019218746236e-01 2.492642700026021174e+00
5.538489724968058692e-01 2.592697217727989223e+00
5.855147946632918154e-01 2.831717301608421611e+00
6.189910820346860021e-01 2.827376867768151669e+00
6.543813463480574466e-01 2.744543186219613684e+00
6.917950175319338424e-01 2.685571025888195518e+00
7.313477820736313806e-01 2.782355705201967844e+00
7.731619407324363813e-01 2.646132905944540870e+00
8.173667867047196278e-01 2.483636642544604367e+00
8.640990054103039331e-01 2.665178672918544045e+00
9.135030971362627650e-01 2.659652195495343818e+00
9.657318238450005587e-01 2.572445814813999476e+00
1.020946681528190014e+00 2.745599109972262308e+00
1.079318399567122277e+00 2.614745216800029581e+00
1.141027468643541098e+00 2.609828426552041059e+00
1.206264698833311888e+00 2.817454996655487598e+00
1.275231809608598166e+00 2.669560979629117980e+00
1.348142053572885191e+00 2.727958473526438610e+00
1.425220875857504010e+00 2.716910543959409452e+00
1.506706611218559866e+00 2.645358712309111571e+00
1.592851220989757177e+00 2.702964980921654714e+00
1.683921072169850985e+00 2.778813814680193062e+00
1.780197761053726513e+00 2.778477836306308291e+00
1.881978983953853435e+00 2.761742330476609109e+00
1.989579457704466314e+00 3.228487392495683395e+00
2.103331892794750857e+00 3.304235477310084157e+00
2.223588022140051024e+00 4.107034085581683591e+00
