9.047924300294839933e-03 nan
9.565231320974773230e-03 nan
1.011211491024248746e-02 nan
1.069026608208863138e-02 nan
1.130147253272402973e-02 nan
1.194762416829961080e-02 nan
1.263071894866876418e-02 6.013922862339143904e+01
1.335286906526163622e-02 nan
1.411630747217388487e-02 nan
1.492339479066462013e-02 4.788266888603751426e+01
1.577662660841287062e-02 nan
1.667864119610254492e-02 nan
1.763222766519625950e-02 3.042751474422335178e+01
1.864033459212266139e-02 nan
1.970607913554394200e-02 2.412739341179193175e+01
2.083275667489504004e-02 nan
2.202385099999772805e-02 2.025299444770619672e+01
2.328304508325684113e-02 nan
2.461423246774719492e-02 1.113805672903682265e+01
2.602152930640427506e-02 8.705090031420331442e+00
2.750928708954497592e-02 -5.689368166606378896e-01
2.908210610007291169e-02 1.734446370746062671e+00
3.074484963797321710e-02 1.071835472965910618e+01
3.250265905808012723e-02 4.286199807780089799e+00
3.436096966761552352e-02 -6.090300964366122116e+00
3.632552753265518020e-02 2.047173588507379627e+00
3.840240724548967671e-02 4.573486600786827339e+00
4.059803070781841522e-02 2.708093424288969597e+00
4.291918698785599645e-02 9.146453440179591610e-01
4.537305331275100218e-02 -5.477936419249980204e-01
4.796721726122769175e-02 1.257066884726437461e+00
5.070970022507212405e-02 -5.071734896625292727e-02
5.360898221200802172e-02 -8.803317873030559682e+00
5.667402806665487736e-02 -2.545614566433672010e+00
5.991431519064605027e-02 -3.167394153782623345e+00
6.333986284761988772e-02 -5.844535682993526216e+00
6.696126314369774124e-02 -5.082209777759575609e+00
7.078971377924322961e-02 -3.306112649871637110e+00
7.483705267317405929e-02 -5.555253325432211398e+00
7.911579456688830336e-02 -4.600589211848297388e+00
8.363916972098736635e-02 -4.857142450563841862e+00
8.842116482444964398e-02 -8.568136308033375670e+00
9.347656624275002546e-02 -4.624639220093278880e+00
9.882100573865204574e-02 -5.078832106640426503e+00
1.044710088070454068e-01 -1.181476269188207251e+00
1.104440457732851072e-01 -3.855059136100954298e+00
1.167585858130325976e-01 -2.450848662662022726e+00
1.234341540606332110e-01 -4.744415687059631570e-01
1.304913919826141688e-01 6.587543779187333692e-01
1.379521212029839183e-01 2.487664769218518757e+00
1.458394109776858238e-01 2.669053857496790805e+00
1.541776495268439295e-01 2.262659534446277210e+00
1.629926194453663046e-01 1.797594378807143345e+00
1.723115774250824350e-01 1.597744968521233044e+00
1.821633385349232803e-01 -6.009801903865386041e-01
1.925783653197451484e-01 -1.273922695549737326e-02
2.035888619932995913e-01 2.508004122456656049e+00
2.152288740166030667e-01 2.860975408035500767e+00
2.275343933696106213e-01 3.396361785511623488e+00
2.405434698417041606e-01 5.528699141021593100e+00
2.542963286851153137e-01 4.403088181504255516e+00
2.688354949950783057e-01 1.661357302712000106e+00
2.842059252013066084e-01 1.984437473735893631e+00
3.004551460773787208e-01 2.255461063059838178e+00
3.176334016978615837e-01 2.317505193137024300e+00
3.357938087975759212e-01 1.532622000812010166e+00
3.549925210133909603e-01 2.505130137028291237e+00
3.752889025163962389e-01 3.898199519531561741e+00
3.967457115713384774e-01 2.872911267530329660e+00
4.194292945909068870e-01 2.893661949948596490e+00
4.434097912848986578e-01 2.609664336244194693e+00
4.687613515386053198e-01 2.727190895776159252e+00
4.955623646910287672e-01 1.984661671068611355e+00
5.238957019218746236e-01 2.897779738403627015e+00
5.538489724968058692e-01 3.260250261258869298e+00
5.855147946632918154e-01 2.823542742464628663e+00
6.189910820346860021e-01 3.367790674314274924e+00
6.543813463480574466e-01 3.427782066642108827e+00
6.917950175319338424e-01 3.361147695789221679e+00
7.313477820736313806e-01 2.828116908768949500e+00
7.731619407324363813e-01 2.885892520539061312e+00
8.173667867047196278e-01 2.652388515472360542e+00
8.640990054103039331e-01 2.990664944528557800e+00
9.135030971362627650e-01 2.836519511524459691e+00
9.657318238450005587e-01 2.750605244429889851e+00
1.020946681528190014e+00 3.087887525265290201e+00
1.079318399567122277e+00 2.682284416507120905e+00
1.141027468643541098e+00 2.771836500722598906e+00
1.206264698833311888e+00 3.158389118262442175e+00
1.275231809608598166e+00 2.904655951088047861e+00
1.348142053572885191e+00 2.858234883168110141e+00
1.425220875857504010e+00 2.964320520203768350e+00
1.506706611218559866e+00 2.773249064666298391e+00
1.592851220989757177e+00 2.852003999351355734e+00
1.683921072169850985e+00 2.735858593012076234e+00
1.780197761053726513e+00 2.948901538104032216e+00
1.881978983953853435e+00 2.662846582443632037e+00
1.989579457704466314e+00 3.463194292727041379e+00
2.103331892794750857e+00 3.787519039137458687e+00
2.223588022140051024e+00 4.076195194718807535e+00
