9.047924300294839933e-03 nan
9.565231320974773230e-03 nan
1.011211491024248746e-02 nan
1.069026608208863138e-02 nan
1.130147253272402973e-02 nan
1.194762416829961080e-02 nan
1.263071894866876418e-02 2.645567149672602270e+01
1.335286906526163622e-02 nan
1.411630747217388487e-02 nan
1.492339479066462013e-02 2.054504228705037860e+01
1.577662660841287062e-02 nan
1.667864119610254492e-02 nan
1.763222766519625950e-02 1.291962383747308252e+01
1.864033459212266139e-02 nan
1.970607913554394200e-02 9.585975512441482493e+00
2.083275667489504004e-02 nan
2.202385099999772805e-02 7.362936673509941521e+00
2.328304508325684113e-02 nan
2.461423246774719492e-02 2.875081847965125004e+00
2.602152930640427506e-02 1.567037331336245787e+00
2.750928708954497592e-02 -2.455799406971530541e+00
2.908210610007291169e-02 -1.514102014910568617e+00
3.074484963797321710e-02 2.236980163827354762e+00
3.250265905808012723e-02 -3.762064255421123660e-01
3.436096966761552352e-02 -6.450616220405158252e+00
3.632552753265518020e-02 -1.478221703203049575e+00
3.840240724548967671e-02 1.811580309128111022e-01
4.059803070781841522e-02 -2.192425820763258260e-01
4.291918698785599645e-02 -9.600226370674916909e-01
4.537305331275100218e-02 -1.951360061847440264e+00
4.796721726122769175e-02 -6.183243292093819621e-01
5.070970022507212405e-02 -1.166579100715035899e+00
5.360898221200802172e-02 -5.133209044807846233e+00
5.667402806665487736e-02 -2.510366388545546279e+00
5.991431519064605027e-02 -3.012558853623878985e+00
6.333986284761988772e-02 -4.029558536661919987e+00
6.696126314369774124e-02 -3.961057823156293178e+00
7.078971377924322961e-02 -3.235991959013367669e+00
7.483705267317405929e-02 -4.218335840444513707e+00
7.911579456688830336e-02 -3.644312529631652531e+00
8.363916972098736635e-02 -3.785601335005908119e+00
8.842116482444964398e-02 -5.352812044271558101e+00
9.347656624275002546e-02 -3.823428714952296303e+00
9.882100573865204574e-02 -3.861848102628858914e+00
1.044710088070454068e-01 -2.239803377905356108e+00
1.104440457732851072e-01 -3.348894877141912474e+00
1.167585858130325976e-01 -2.688807601617480447e+00
1.234341540606332110e-01 -1.560029476972929485e+00
1.304913919826141688e-01 -9.283294250019092919e-01
1.379521212029839183e-01 -7.305092490786432857e-02
1.458394109776858238e-01 -1.404650222622522149e-01
1.541776495268439295e-01 -3.345517594561914221e-01
1.629926194453663046e-01 -4.528716191048545170e-01
1.723115774250824350e-01 -5.672135012626778883e-01
1.821633385349232803e-01 -1.609945031433994478e+00
1.925783653197451484e-01 -1.284215160245892884e+00
2.035888619932995913e-01 -3.157518977078787592e-01
2.152288740166030667e-01 -3.509974943246398360e-01
2.275343933696106213e-01 2.719260913006933400e-01
2.405434698417041606e-01 1.438037044718563529e+00
2.542963286851153137e-01 6.394292912799528494e-01
2.688354949950783057e-01 -6.854647720649389431e-01
2.842059252013066084e-01 -4.518379164968213679e-01
3.004551460773787208e-01 -1.866219710679546395e-01
3.176334016978615837e-01 2.041485069086378945e-01
3.357938087975759212e-01 9.441693624028656140e-03
3.549925210133909603e-01 4.902189330653675681e-01
3.752889025163962389e-01 1.258161995671702060e+00
3.967457115713384774e-01 5.144475004197478496e-01
4.194292945909068870e-01 8.263396064515655670e-01
4.434097912848986578e-01 9.994344532887525778e-01
4.687613515386053198e-01 9.561140090922366497e-01
4.955623646910287672e-01 8.684955327567545069e-01
5.238957019218746236e-01 1.184980351029011336e+00
5.538489724968058692e-01 1.092514300906483271e+00
5.855147946632918154e-01 1.256623608186799634e+00
6.189910820346860021e-01 1.571430215715731382e+00
6.543813463480574466e-01 1.616617953125093932e+00
6.917950175319338424e-01 1.559945212794259239e+00
7.313477820736313806e-01 1.737115642293339812e+00
7.731619407324363813e-01 1.704929513291904231e+00
8.173667867047196278e-01 1.824262295182713878e+00
8.640990054103039331e-01 2.005467426918166485e+00
9.135030971362627650e-01 2.210629617337035668e+00
9.657318238450005587e-01 2.282529594460881661e+00
1.020946681528190014e+00 2.378774592924298048e+00
1.079318399567122277e+00 2.407724890119179229e+00
1.141027468643541098e+00 2.664763022902755019e+00
1.206264698833311888e+00 2.903461543164106207e+00
1.275231809608598166e+00 3.007198424272591541e+00
1.348142053572885191e+00 3.258356835234911930e+00
1.425220875857504010e+00 3.395697426944755737e+00
1.506706611218559866e+00 3.657710541591676634e+00
1.592851220989757177e+00 3.706670446434829902e+00
1.683921072169850985e+00 3.879912628882882686e+00
1.780197761053726513e+00 3.925442537311255364e+00
1.881978983953853435e+00 4.163248051308008790e+00
1.989579457704466314e+00 4.671693474788956912e+00
2.103331892794750857e+00 4.485547293745403508e+00
2.223588022140051024e+00 5.521304058274076887e+00
