9.047924300294839933e-03 nan
9.565231320974773230e-03 nan
1.011211491024248746e-02 nan
1.069026608208863138e-02 nan
1.130147253272402973e-02 nan
1.194762416829961080e-02 nan
1.263071894866876418e-02 4.281225930872045637e+01
1.335286906526163622e-02 nan
1.411630747217388487e-02 nan
1.492339479066462013e-02 3.423562361118560915e+01
1.577662660841287062e-02 nan
1.667864119610254492e-02 nan
1.763222766519625950e-02 2.205211085042814290e+01
1.864033459212266139e-02 nan
1.970607913554394200e-02 1.762688399467752376e+01
2.083275667489504004e-02 nan
2.202385099999772805e-02 1.488300076919231962e+01
2.328304508325684113e-02 nan
2.461423246774719492e-02 8.506811162968102025e+00
2.602152930640427506e-02 6.747184925470134154e+00
2.750928708954497592e-02 2.636398951711429461e-01
2.908210610007291169e-02 1.870044008053499907e+00
3.074484963797321710e-02 8.076996424124427421e+00
3.250265905808012723e-02 3.661071743795044853e+00
3.436096966761552352e-02 -3.714023119269383777e+00
3.632552753265518020e-02 2.055981871253247828e+00
3.840240724548967671e-02 3.870106740581789939e+00
4.059803070781841522e-02 2.529528195722696271e+00
4.291918698785599645e-02 1.303463720923481395e+00
4.537305331275100218e-02 2.972360110032085667e-01
4.796721726122769175e-02 1.552750309339979484e+00
5.070970022507212405e-02 6.691765280185568709e-01
5.360898221200802172e-02 -5.446204372670497840e+00
5.667402806665487736e-02 -1.020041784294139386e+00
5.991431519064605027e-02 -1.455191107393499550e+00
6.333986284761988772e-02 -3.350429763081875123e+00
6.696126314369774124e-02 -2.828984786982302158e+00
7.078971377924322961e-02 -1.606569966010243489e+00
7.483705267317405929e-02 -3.244300369072282919e+00
7.911579456688830336e-02 -2.560342201867211287e+00
8.363916972098736635e-02 -2.728533875264445907e+00
8.842116482444964398e-02 -5.263281200771348090e+00
9.347656624275002546e-02 -2.381961408250029333e+00
9.882100573865204574e-02 -2.667398928577791040e+00
1.044710088070454068e-01 8.857585764667305628e-02
1.104440457732851072e-01 -1.884552687248021385e+00
1.167585858130325976e-01 -8.865756889067024638e-01
1.234341540606332110e-01 5.255804400160174472e-01
1.304913919826141688e-01 1.297065853329259610e+00
1.379521212029839183e-01 2.608585339917361079e+00
1.458394109776858238e-01 2.774410541398214303e+00
1.541776495268439295e-01 2.497574570889060652e+00
1.629926194453663046e-01 2.124051147799304040e+00
1.723115774250824350e-01 1.945685385780314691e+00
1.821633385349232803e-01 3.815020742906490292e-01
1.925783653197451484e-01 7.977438916090787702e-01
2.035888619932995913e-01 2.455446201324337885e+00
2.152288740166030667e-01 2.685661539047040414e+00
2.275343933696106213e-01 3.241157404300753608e+00
2.405434698417041606e-01 4.731793066911992973e+00
2.542963286851153137e-01 3.983217665383660400e+00
2.688354949950783057e-01 2.053810286620569414e+00
2.842059252013066084e-01 2.320874066302886174e+00
3.004551460773787208e-01 2.509911340401588475e+00
3.176334016978615837e-01 2.391669534239837969e+00
3.357938087975759212e-01 1.830820684878402993e+00
3.549925210133909603e-01 2.554092426305363261e+00
3.752889025163962389e-01 3.592547856436953957e+00
3.967457115713384774e-01 2.795643281453020101e+00
4.194292945909068870e-01 2.830603925477304994e+00
4.434097912848986578e-01 2.657946266050790651e+00
4.687613515386053198e-01 2.762652179170402178e+00
4.955623646910287672e-01 2.237144373073427062e+00
5.238957019218746236e-01 2.841957306925342319e+00
5.538489724968058692e-01 3.093086312267201876e+00
5.855147946632918154e-01 2.966748284688512260e+00
6.189910820346860021e-01 3.250785556625573225e+00
6.543813463480574466e-01 3.255813641079412513e+00
6.917950175319338424e-01 3.196551938750558097e+00
7.313477820736313806e-01 2.919350640125496721e+00
7.731619407324363813e-01 2.954925622504792404e+00
8.173667867047196278e-01 2.693789872968982202e+00
8.640990054103039331e-01 2.930670811840496270e+00
9.135030971362627650e-01 2.906704289261196283e+00
9.657318238450005587e-01 2.816296612790381904e+00
1.020946681528190014e+00 3.073757298397168380e+00
1.079318399567122277e+00 2.829022566974243258e+00
1.141027468643541098e+00 2.858980613291864703e+00
1.206264698833311888e+00 3.099668742447957648e+00
1.275231809608598166e+00 2.905576012216368298e+00
1.348142053572885191e+00 2.917046632319723276e+00
1.425220875857504010e+00 3.015633358826368848e+00
1.506706611218559866e+00 2.858779449292541575e+00
1.592851220989757177e+00 2.950965400692593388e+00
1.683921072169850985e+00 2.938120981259767284e+00
1.780197761053726513e+00 2.997497900447683605e+00
1.881978983953853435e+00 2.582760756354977261e+00
1.989579457704466314e+00 3.419118657185914234e+00
2.103331892794750857e+00 3.621151142880098650e+00
2.223588022140051024e+00 4.168745441535604002e+00
