9.047924300294839933e-03 nan
9.565231320974773230e-03 nan
1.011211491024248746e-02 nan
1.069026608208863138e-02 nan
1.130147253272402973e-02 nan
1.194762416829961080e-02 nan
1.263071894866876418e-02 4.152247590043173631e+01
1.335286906526163622e-02 nan
1.411630747217388487e-02 nan
1.492339479066462013e-02 3.654339239793315386e+01
1.577662660841287062e-02 nan
1.667864119610254492e-02 nan
1.763222766519625950e-02 2.632113902555307305e+01
1.864033459212266139e-02 nan
1.970607913554394200e-02 2.548276241994913960e+01
2.083275667489504004e-02 nan
2.202385099999772805e-02 2.556186147764983474e+01
2.328304508325684113e-02 nan
2.461423246774719492e-02 2.339628680845905251e+01
2.602152930640427506e-02 2.254532663034386530e+01
2.750928708954497592e-02 1.732484982803390849e+01
2.908210610007291169e-02 1.913328508353744795e+01
3.074484963797321710e-02 2.419234333301615081e+01
3.250265905808012723e-02 2.087566955141811320e+01
3.436096966761552352e-02 2.041667278136884178e+01
3.632552753265518020e-02 1.966736904739813596e+01
3.840240724548967671e-02 1.858609609271772101e+01
4.059803070781841522e-02 1.582710536921600664e+01
4.291918698785599645e-02 1.446426084629676545e+01
4.537305331275100218e-02 1.522805872989254361e+01
4.796721726122769175e-02 1.368545391699994518e+01
5.070970022507212405e-02 1.291280994661612880e+01
5.360898221200802172e-02 9.862024189635640425e+00
5.667402806665487736e-02 1.336270302248482622e+01
5.991431519064605027e-02 1.335197575541700310e+01
6.333986284761988772e-02 1.196466321591591608e+01
6.696126314369774124e-02 1.156908356145395267e+01
7.078971377924322961e-02 1.227795311384104515e+01
7.483705267317405929e-02 1.069859226563314003e+01
7.911579456688830336e-02 1.017408967929616459e+01
8.363916972098736635e-02 1.031348300909860605e+01
8.842116482444964398e-02 9.164514850864293294e+00
9.347656624275002546e-02 1.154530662666314633e+01
9.882100573865204574e-02 1.118283431689226148e+01
1.044710088070454068e-01 1.237262204197844540e+01
1.104440457732851072e-01 1.067213690663778003e+01
1.167585858130325976e-01 1.061256308008443838e+01
1.234341540606332110e-01 1.068954779148950429e+01
1.304913919826141688e-01 1.039951709190632378e+01
1.379521212029839183e-01 1.004718821998844902e+01
1.458394109776858238e-01 9.837175344643886987e+00
1.541776495268439295e-01 9.346513504316805054e+00
1.629926194453663046e-01 9.362216032220306516e+00
1.723115774250824350e-01 9.491094937722401426e+00
1.821633385349232803e-01 8.800365986120757711e+00
1.925783653197451484e-01 8.410294549368519057e+00
2.035888619932995913e-01 9.006506109824307771e+00
2.152288740166030667e-01 8.904051232345420175e+00
2.275343933696106213e-01 8.425238054946717625e+00
2.405434698417041606e-01 8.008878429739944238e+00
2.542963286851153137e-01 7.571555949362940297e+00
2.688354949950783057e-01 7.456530904641224033e+00
2.842059252013066084e-01 6.857408381779892537e+00
3.004551460773787208e-01 6.578548921034096608e+00
3.176334016978615837e-01 5.791797910167516328e+00
3.357938087975759212e-01 5.318036853395160080e+00
3.549925210133909603e-01 5.727700975508079217e+00
3.752889025163962389e-01 5.116443620799719483e+00
3.967457115713384774e-01 4.235287491795499903e+00
4.194292945909068870e-01 3.908139605415933637e+00
4.434097912848986578e-01 4.042885247485060951e+00
4.687613515386053198e-01 3.705182021815136562e+00
4.955623646910287672e-01 3.264221501184714658e+00
5.238957019218746236e-01 3.273438577750015899e+00
5.538489724968058692e-01 3.154570850981767816e+00
5.855147946632918154e-01 2.810742973723145077e+00
6.189910820346860021e-01 2.773119186681458181e+00
6.543813463480574466e-01 2.715944438675312433e+00
6.917950175319338424e-01 2.414483330651596926e+00
7.313477820736313806e-01 2.420447914419931124e+00
7.731619407324363813e-01 1.959093820187443269e+00
8.173667867047196278e-01 1.737722350098405366e+00
8.640990054103039331e-01 1.655062302310554845e+00
9.135030971362627650e-01 1.566939306160986645e+00
9.657318238450005587e-01 1.693765859999634804e+00
1.020946681528190014e+00 1.552525542277328308e+00
1.079318399567122277e+00 1.455431990771676176e+00
1.141027468643541098e+00 1.428834770119861375e+00
1.206264698833311888e+00 1.458176758275608220e+00
1.275231809608598166e+00 1.394642096592590752e+00
1.348142053572885191e+00 1.396428407155492213e+00
1.425220875857504010e+00 1.462465558254485432e+00
1.506706611218559866e+00 1.516019352588503288e+00
1.592851220989757177e+00 1.491290345942295925e+00
1.683921072169850985e+00 1.631649713626940112e+00
1.780197761053726513e+00 1.601877788860584406e+00
1.881978983953853435e+00 1.612023602315212578e+00
1.989579457704466314e+00 1.336046327830690661e+00
2.103331892794750857e+00 1.446847579553997454e+00
2.223588022140051024e+00 2.190405557719391272e+00
