9.047924300294839933e-03 nan
9.565231320974773230e-03 nan
1.011211491024248746e-02 nan
1.069026608208863138e-02 nan
1.130147253272402973e-02 nan
1.194762416829961080e-02 nan
1.263071894866876418e-02 6.013921272588108735e+01
1.335286906526163622e-02 nan
1.411630747217388487e-02 nan
1.492339479066462013e-02 4.788265397738920370e+01
1.577662660841287062e-02 nan
1.667864119610254492e-02 nan
1.763222766519625950e-02 3.042750383209820342e+01
1.864033459212266139e-02 nan
1.970607913554394200e-02 2.412738272805761497e+01
2.083275667489504004e-02 nan
2.202385099999772805e-02 2.025298333135587114e+01
2.328304508325684113e-02 nan
2.461423246774719492e-02 1.113804857448246999e+01
2.602152930640427506e-02 8.705081614109209553e+00
2.750928708954497592e-02 -5.689424114223463613e-01
2.908210610007291169e-02 1.734441050379400329e+00
3.074484963797321710e-02 1.071834666970661054e+01
3.250265905808012723e-02 4.286196169515006815e+00
3.436096966761552352e-02 -6.090304488114537840e+00
3.632552753265518020e-02 2.047171322968921015e+00
3.840240724548967671e-02 4.573485826963857193e+00
4.059803070781841522e-02 2.708094098843849107e+00
4.291918698785599645e-02 9.146459619927983509e-01
4.537305331275100218e-02 -5.477943570919695526e-01
4.796721726122769175e-02 1.257067408148745846e+00
5.070970022507212405e-02 -5.071722845917913530e-02
5.360898221200802172e-02 -8.803319088685926275e+00
5.667402806665487736e-02 -2.545616068025419398e+00
5.991431519064605027e-02 -3.167395570771022850e+00
6.333986284761988772e-02 -5.844537088312194761e+00
6.696126314369774124e-02 -5.082210921737918774e+00
7.078971377924322961e-02 -3.306113346447151713e+00
7.483705267317405929e-02 -5.555254535094438673e+00
7.911579456688830336e-02 -4.600590073658829660e+00
8.363916972098736635e-02 -4.857145030196966751e+00
8.842116482444964398e-02 -8.568137485811694987e+00
9.347656624275002546e-02 -4.624640633590090921e+00
9.882100573865204574e-02 -5.078832724912315300e+00
1.044710088070454068e-01 -1.181477596955952114e+00
1.104440457732851072e-01 -3.855061069977534949e+00
1.167585858130325976e-01 -2.450850812057054018e+00
1.234341540606332110e-01 -4.744423296601714135e-01
1.304913919826141688e-01 6.587540493803333286e-01
1.379521212029839183e-01 2.487665268048185663e+00
1.458394109776858238e-01 2.669053557891021278e+00
1.541776495268439295e-01 2.262658172935687162e+00
1.629926194453663046e-01 1.797594359997602309e+00
1.723115774250824350e-01 1.597745031490203749e+00
1.821633385349232803e-01 -6.009801136983061731e-01
1.925783653197451484e-01 -1.273710357447686674e-02
2.035888619932995913e-01 2.508004139657750819e+00
2.152288740166030667e-01 2.860972898544948961e+00
2.275343933696106213e-01 3.396359497254564985e+00
2.405434698417041606e-01 5.528698090614368787e+00
2.542963286851153137e-01 4.403087698766294800e+00
2.688354949950783057e-01 1.661355920894534988e+00
2.842059252013066084e-01 1.984435526389775939e+00
3.004551460773787208e-01 2.255460712518118527e+00
3.176334016978615837e-01 2.317504474165375417e+00
3.357938087975759212e-01 1.532619980622382583e+00
3.549925210133909603e-01 2.505127808765674313e+00
3.752889025163962389e-01 3.898196892381865286e+00
3.967457115713384774e-01 2.872909804386250876e+00
4.194292945909068870e-01 2.893660782826130262e+00
4.434097912848986578e-01 2.609664648588218228e+00
4.687613515386053198e-01 2.727191070382609439e+00
4.955623646910287672e-01 1.984660970036454808e+00
5.238957019218746236e-01 2.897777352848987853e+00
5.538489724968058692e-01 3.260247144999647073e+00
5.855147946632918154e-01 2.823540519499450951e+00
6.189910820346860021e-01 3.367788738949204497e+00
6.543813463480574466e-01 3.427779744750018676e+00
6.917950175319338424e-01 3.361145610899793024e+00
7.313477820736313806e-01 2.828112982482342108e+00
7.731619407324363813e-01 2.885890607331387692e+00
8.173667867047196278e-01 2.652386240129079642e+00
8.640990054103039331e-01 2.990661850613184569e+00
9.135030971362627650e-01 2.836515400801093989e+00
9.657318238450005587e-01 2.750602319227903880e+00
1.020946681528190014e+00 3.087884193154219581e+00
1.079318399567122277e+00 2.682281938605439287e+00
1.141027468643541098e+00 2.771837503812803138e+00
1.206264698833311888e+00 3.158386029647969107e+00
1.275231809608598166e+00 2.904654402718504613e+00
1.348142053572885191e+00 2.858230492282515467e+00
1.425220875857504010e+00 2.964316666336582085e+00
1.506706611218559866e+00 2.773245721802515718e+00
1.592851220989757177e+00 2.851999609467955388e+00
1.683921072169850985e+00 2.735853918535528173e+00
1.780197761053726513e+00 2.948905618514708671e+00
1.881978983953853435e+00 2.662842449140468304e+00
1.989579457704466314e+00 3.463186520832218118e+00
2.103331892794750857e+00 3.787507470303926649e+00
2.223588022140051024e+00 4.076164938866071452e+00
