9.047924300294839933e-03 nan
9.565231320974773230e-03 nan
1.011211491024248746e-02 nan
1.069026608208863138e-02 nan
1.130147253272402973e-02 nan
1.194762416829961080e-02 nan
1.263071894866876418e-02 3.378796500182773599e+01
1.335286906526163622e-02 nan
1.411630747217388487e-02 nan
1.492339479066462013e-02 2.696365236951705313e+01
1.577662660841287062e-02 nan
1.667864119610254492e-02 nan
1.763222766519625950e-02 1.740180828621197762e+01
1.864033459212266139e-02 nan
1.970607913554394200e-02 1.383599462094309374e+01
2.083275667489504004e-02 nan
2.202385099999772805e-02 1.159636276856298487e+01
2.328304508325684113e-02 nan
2.461423246774719492e-02 6.530336343196148974e+00
2.602152930640427506e-02 5.098748291660645471e+00
2.750928708954497592e-02 9.118150783122270370e-03
2.908210610007291169e-02 1.278432569342591973e+00
3.074484963797321710e-02 6.129620535048665886e+00
3.250265905808012723e-02 2.735020212938277240e+00
3.436096966761552352e-02 -3.383178295184297912e+00
3.632552753265518020e-02 1.460339546411315581e+00
3.840240724548967671e-02 3.030573438748533022e+00
4.059803070781841522e-02 2.035111555990371635e+00
4.291918698785599645e-02 1.113982693754795861e+00
4.537305331275100218e-02 2.626149043603046018e-01
4.796721726122769175e-02 1.340331472903065757e+00
5.070970022507212405e-02 6.839071258229278971e-01
5.360898221200802172e-02 -4.171332593175785419e+00
5.667402806665487736e-02 -6.878779789874825967e-01
5.991431519064605027e-02 -1.082751644258416635e+00
6.333986284761988772e-02 -2.569419524083853990e+00
6.696126314369774124e-02 -2.214467009763976701e+00
7.078971377924322961e-02 -1.284239461910881897e+00
7.483705267317405929e-02 -2.598866802010129984e+00
7.911579456688830336e-02 -2.029357220078154000e+00
8.363916972098736635e-02 -2.164520318596858228e+00
8.842116482444964398e-02 -4.112396502028298428e+00
9.347656624275002546e-02 -1.839476871243065137e+00
9.882100573865204574e-02 -2.010723628649778050e+00
1.044710088070454068e-01 1.375706090971807183e-01
1.104440457732851072e-01 -1.467581045874569723e+00
1.167585858130325976e-01 -6.708802335816277385e-01
1.234341540606332110e-01 4.836905697591822317e-01
1.304913919826141688e-01 1.101093959879056339e+00
1.379521212029839183e-01 2.146761368179380014e+00
1.458394109776858238e-01 2.269121529245906821e+00
1.541776495268439295e-01 2.066924354761292104e+00
1.629926194453663046e-01 1.756541893140545429e+00
1.723115774250824350e-01 1.562905614896726636e+00
1.821633385349232803e-01 2.996271090162286321e-01
1.925783653197451484e-01 6.389201660870549304e-01
2.035888619932995913e-01 1.861722567823325569e+00
2.152288740166030667e-01 2.000201518670943646e+00
2.275343933696106213e-01 2.606769927960526534e+00
2.405434698417041606e-01 3.815725127804808992e+00
2.542963286851153137e-01 3.173264027084840233e+00
2.688354949950783057e-01 1.587483414931223802e+00
2.842059252013066084e-01 1.812072009571997100e+00
3.004551460773787208e-01 2.004345353078701653e+00
3.176334016978615837e-01 1.931301347159203985e+00
3.357938087975759212e-01 1.464544343871894139e+00
3.549925210133909603e-01 2.060364761027775327e+00
3.752889025163962389e-01 2.889568053920366975e+00
3.967457115713384774e-01 2.168112925410935699e+00
4.194292945909068870e-01 2.262866067298134443e+00
4.434097912848986578e-01 2.193876975238439275e+00
4.687613515386053198e-01 2.273181396925055164e+00
4.955623646910287672e-01 1.855326037593933108e+00
5.238957019218746236e-01 2.299280698057277306e+00
5.538489724968058692e-01 2.421544110773837133e+00
5.855147946632918154e-01 2.436828776059007495e+00
6.189910820346860021e-01 2.636451850693125376e+00
6.543813463480574466e-01 2.606321891548801784e+00
6.917950175319338424e-01 2.538015160416363880e+00
7.313477820736313806e-01 2.437148977172607367e+00
7.731619407324363813e-01 2.421149216596750531e+00
8.173667867047196278e-01 2.205506267707300516e+00
8.640990054103039331e-01 2.413760813115589432e+00
9.135030971362627650e-01 2.489824046626919696e+00
9.657318238450005587e-01 2.407679003061479861e+00
1.020946681528190014e+00 2.601465390307772463e+00
1.079318399567122277e+00 2.393071675947030297e+00
1.141027468643541098e+00 2.470280680130711559e+00
1.206264698833311888e+00 2.681682212266983001e+00
1.275231809608598166e+00 2.621886783387886943e+00
1.348142053572885191e+00 2.681542478154683717e+00
1.425220875857504010e+00 2.713903314186554727e+00
1.506706611218559866e+00 2.672811550538136682e+00
1.592851220989757177e+00 2.839641981777826896e+00
1.683921072169850985e+00 2.953548161644675929e+00
1.780197761053726513e+00 2.939670133924646933e+00
1.881978983953853435e+00 2.664299429576212130e+00
1.989579457704466314e+00 3.490202952638106204e+00
2.103331892794750857e+00 4.065051477853807604e+00
2.223588022140051024e+00 4.452461132637537844e+00
