9.047924300294839933e-03 nan
9.565231320974773230e-03 nan
1.011211491024248746e-02 nan
1.069026608208863138e-02 nan
1.130147253272402973e-02 nan
1.194762416829961080e-02 nan
1.263071894866876418e-02 5.040429683444872921e+01
1.335286906526163622e-02 nan
1.411630747217388487e-02 nan
1.492339479066462013e-02 4.021941053937866428e+01
1.577662660841287062e-02 nan
1.667864119610254492e-02 nan
1.763222766519625950e-02 2.573000275162223005e+01
1.864033459212266139e-02 nan
1.970607913554394200e-02 2.048522551797921309e+01
2.083275667489504004e-02 nan
2.202385099999772805e-02 1.724794280829644322e+01
2.328304508325684113e-02 nan
2.461423246774719492e-02 9.672413267272386150e+00
2.602152930640427506e-02 7.619793917296872721e+00
2.750928708954497592e-02 -8.526092683960796725e-02
2.908210610007291169e-02 1.825162955904840789e+00
3.074484963797321710e-02 9.248622269851418665e+00
3.250265905808012723e-02 3.945799064022586400e+00
3.436096966761552352e-02 -4.735307378528664124e+00
3.632552753265518020e-02 2.063261340597547733e+00
3.840240724548967671e-02 4.183966047544640965e+00
4.059803070781841522e-02 2.613886152957642484e+00
4.291918698785599645e-02 1.137447783269593282e+00
4.537305331275100218e-02 -6.623426061002121723e-02
4.796721726122769175e-02 1.427353539030303375e+00
5.070970022507212405e-02 3.574373972591101123e-01
5.360898221200802172e-02 -6.907588704679974434e+00
5.667402806665487736e-02 -1.682149498074912319e+00
5.991431519064605027e-02 -2.196156740195871038e+00
6.333986284761988772e-02 -4.433311801979606948e+00
6.696126314369774124e-02 -3.804448263742971292e+00
7.078971377924322961e-02 -2.339336982309646373e+00
7.483705267317405929e-02 -4.243923805523740711e+00
7.911579456688830336e-02 -3.442942721714815413e+00
8.363916972098736635e-02 -3.647522591502255107e+00
8.842116482444964398e-02 -6.698265752478744339e+00
9.347656624275002546e-02 -3.349633566823904118e+00
9.882100573865204574e-02 -3.710896848593509212e+00
1.044710088070454068e-01 -4.536284343640982208e-01
1.104440457732851072e-01 -2.734626739227285608e+00
1.167585858130325976e-01 -1.560251148006046806e+00
1.234341540606332110e-01 9.956548671674601836e-02
1.304913919826141688e-01 1.029281119193355742e+00
1.379521212029839183e-01 2.567474668675660432e+00
1.458394109776858238e-01 2.742290070784545009e+00
1.541776495268439295e-01 2.409789774407191221e+00
1.629926194453663046e-01 1.995036896844058605e+00
1.723115774250824350e-01 1.807221079791303531e+00
1.821633385349232803e-01 -3.495571327452032945e-02
1.925783653197451484e-01 4.584299082998505304e-01
2.035888619932995913e-01 2.491906578011415796e+00
2.152288740166030667e-01 2.777553136664166367e+00
2.275343933696106213e-01 3.322394167438726953e+00
2.405434698417041606e-01 5.094062845273625406e+00
2.542963286851153137e-01 4.182063576953957806e+00
2.688354949950783057e-01 1.900894966007452780e+00
2.842059252013066084e-01 2.191686594546993661e+00
3.004551460773787208e-01 2.410753169751792768e+00
3.176334016978615837e-01 2.364936945859634765e+00
3.357938087975759212e-01 1.709811971718379064e+00
3.549925210133909603e-01 2.542012592047612429e+00
3.752889025163962389e-01 3.737418966753235150e+00
3.967457115713384774e-01 2.841873220176577952e+00
4.194292945909068870e-01 2.870738056116603598e+00
4.434097912848986578e-01 2.644758100443198590e+00
4.687613515386053198e-01 2.756347572428333059e+00
4.955623646910287672e-01 2.137562403045795367e+00
5.238957019218746236e-01 2.880549462325782795e+00
5.538489724968058692e-01 3.179933570442625701e+00
5.855147946632918154e-01 2.913006787542893772e+00
6.189910820346860021e-01 3.309937683816616794e+00
6.543813463480574466e-01 3.341219781257555699e+00
6.917950175319338424e-01 3.283235731067103202e+00
7.313477820736313806e-01 2.893894936257586092e+00
7.731619407324363813e-01 2.936380236764779550e+00
8.173667867047196278e-01 2.681960422365442742e+00
8.640990054103039331e-01 2.965993551107395820e+00
9.135030971362627650e-01 2.890728685030150569e+00
9.657318238450005587e-01 2.802072524403075526e+00
1.020946681528190014e+00 3.096064721027356192e+00
1.079318399567122277e+00 2.767151667221316558e+00
1.141027468643541098e+00 2.822076917236927773e+00
1.206264698833311888e+00 3.147113790204901562e+00
1.275231809608598166e+00 2.914701490501689918e+00
1.348142053572885191e+00 2.896879810866009652e+00
1.425220875857504010e+00 3.007009058985881111e+00
1.506706611218559866e+00 2.838569926573389690e+00
1.592851220989757177e+00 2.901057879891453251e+00
1.683921072169850985e+00 2.849984121770894330e+00
1.780197761053726513e+00 2.959104588500674371e+00
1.881978983953853435e+00 2.604937853351975363e+00
1.989579457704466314e+00 3.436197181024815528e+00
2.103331892794750857e+00 3.609364766484219000e+00
2.223588022140051024e+00 3.928956014532342333e+00
