9.047924300294839933e-03 nan
9.565231320974773230e-03 nan
1.011211491024248746e-02 nan
1.069026608208863138e-02 nan
1.130147253272402973e-02 nan
1.194762416829961080e-02 nan
1.263071894866876418e-02 3.839990502597861166e+01
1.335286906526163622e-02 nan
1.411630747217388487e-02 nan
1.492339479066462013e-02 3.076236352560672671e+01
1.577662660841287062e-02 nan
1.667864119610254492e-02 nan
1.763222766519625950e-02 1.992436068709025676e+01
1.864033459212266139e-02 nan
1.970607913554394200e-02 1.597714971535584638e+01
2.083275667489504004e-02 nan
2.202385099999772805e-02 1.352206886900735228e+01
2.328304508325684113e-02 nan
2.461423246774719492e-02 7.843998901151953973e+00
2.602152930640427506e-02 6.256781277215756276e+00
2.750928708954497592e-02 4.824489188089862157e-01
2.908210610007291169e-02 1.912013070035416540e+00
3.074484963797321710e-02 7.414981081921856010e+00
3.250265905808012723e-02 3.509903972676901240e+00
3.436096966761552352e-02 -3.107820803663509768e+00
3.632552753265518020e-02 2.063236183598009088e+00
3.840240724548967671e-02 3.696933002971253046e+00
4.059803070781841522e-02 2.489701897019616528e+00
4.291918698785599645e-02 1.406924028112879199e+00
4.537305331275100218e-02 5.159185749749526373e-01
4.796721726122769175e-02 1.631514445095026966e+00
5.070970022507212405e-02 8.559469396701462340e-01
5.360898221200802172e-02 -4.584795206664715295e+00
5.667402806665487736e-02 -6.280963162049968407e-01
5.991431519064605027e-02 -1.015044964686052653e+00
6.333986284761988772e-02 -2.709236328973272823e+00
6.696126314369774124e-02 -2.246095600630782840e+00
7.078971377924322961e-02 -1.166443520146205337e+00
7.483705267317405929e-02 -2.642575325149814969e+00
7.911579456688830336e-02 -2.029805670660165262e+00
8.363916972098736635e-02 -2.174150390898038410e+00
8.842116482444964398e-02 -4.414767269373748526e+00
9.347656624275002546e-02 -1.802833204507882092e+00
9.882100573865204574e-02 -2.050424858877239576e+00
1.044710088070454068e-01 4.157038697840238495e-01
1.104440457732851072e-01 -1.381323108081936590e+00
1.167585858130325976e-01 -4.874718183051779952e-01
1.234341540606332110e-01 7.828530181429566026e-01
1.304913919826141688e-01 1.462548724249151277e+00
1.379521212029839183e-01 2.640761713959788537e+00
1.458394109776858238e-01 2.804638276209511449e+00
1.541776495268439295e-01 2.562842125927618397e+00
1.629926194453663046e-01 2.211157527293473368e+00
1.723115774250824350e-01 2.038542691838279186e+00
1.821633385349232803e-01 6.413991582594358309e-01
1.925783653197451484e-01 1.012469412266924440e+00
2.035888619932995913e-01 2.449801496157069547e+00
2.152288740166030667e-01 2.648998936695925899e+00
2.275343933696106213e-01 3.208877280791714082e+00
2.405434698417041606e-01 4.539272012372588705e+00
2.542963286851153137e-01 3.887632265720752489e+00
2.688354949950783057e-01 2.161304323843124209e+00
2.842059252013066084e-01 2.410472922571562204e+00
3.004551460773787208e-01 2.581225280049515458e+00
3.176334016978615837e-01 2.415123546725470582e+00
3.357938087975759212e-01 1.916560902009511569e+00
3.549925210133909603e-01 2.572184517299738626e+00
3.752889025163962389e-01 3.524921082335326528e+00
3.967457115713384774e-01 2.788612228941692361e+00
4.194292945909068870e-01 2.826241781190036217e+00
4.434097912848986578e-01 2.679789310945107417e+00
4.687613515386053198e-01 2.778217726366762008e+00
4.955623646910287672e-01 2.319365336265001520e+00
5.238957019218746236e-01 2.836670282241300356e+00
5.538489724968058692e-01 3.062696387353176508e+00
5.855147946632918154e-01 3.032023714803338876e+00
6.189910820346860021e-01 3.230216905153429519e+00
6.543813463480574466e-01 3.217142999218072674e+00
6.917950175319338424e-01 3.159540015627169129e+00
7.313477820736313806e-01 2.962324336246080048e+00
7.731619407324363813e-01 2.981697912961206232e+00
8.173667867047196278e-01 2.729106868790929674e+00
8.640990054103039331e-01 2.940511319824751002e+00
9.135030971362627650e-01 2.941242433309240401e+00
9.657318238450005587e-01 2.842476811927444391e+00
1.020946681528190014e+00 3.089232393417488787e+00
1.079318399567122277e+00 2.891855686648086010e+00
1.141027468643541098e+00 2.908483153387785070e+00
1.206264698833311888e+00 3.105256243201956146e+00
1.275231809608598166e+00 2.934152317109190555e+00
1.348142053572885191e+00 2.965119917223343560e+00
1.425220875857504010e+00 3.050110961199602677e+00
1.506706611218559866e+00 2.888644836490108947e+00
1.592851220989757177e+00 3.000730441613108201e+00
1.683921072169850985e+00 3.031869768337986493e+00
1.780197761053726513e+00 3.085987097007261593e+00
1.881978983953853435e+00 2.639314109322250079e+00
1.989579457704466314e+00 3.486795067273535054e+00
2.103331892794750857e+00 3.847705515982414948e+00
2.223588022140051024e+00 4.200089904748802283e+00
