9.047924300294839933e-03 nan
9.565231320974773230e-03 nan
1.011211491024248746e-02 nan
1.069026608208863138e-02 nan
1.130147253272402973e-02 nan
1.194762416829961080e-02 nan
1.263071894866876418e-02 4.283801027489576541e+01
1.335286906526163622e-02 nan
1.411630747217388487e-02 nan
1.492339479066462013e-02 3.426109855550831895e+01
1.577662660841287062e-02 nan
1.667864119610254492e-02 nan
1.763222766519625950e-02 2.207537942129323483e+01
1.864033459212266139e-02 nan
1.970607913554394200e-02 1.764977558597536600e+01
2.083275667489504004e-02 nan
2.202385099999772805e-02 1.490668529533446929e+01
2.328304508325684113e-02 nan
2.461423246774719492e-02 8.527996709855703017e+00
2.602152930640427506e-02 6.769801988240673474e+00
2.750928708954497592e-02 2.833531346466792722e-01
2.908210610007291169e-02 1.889733788377899071e+00
3.074484963797321710e-02 8.100795061848039325e+00
3.250265905808012723e-02 3.678463605407149561e+00
3.436096966761552352e-02 -3.694386080043124743e+00
3.632552753265518020e-02 2.071397640686233999e+00
3.840240724548967671e-02 3.881556569488092023e+00
4.059803070781841522e-02 2.539840758932434550e+00
4.291918698785599645e-02 1.310704157965016714e+00
4.537305331275100218e-02 3.052907800112488745e-01
4.796721726122769175e-02 1.559184153680014839e+00
5.070970022507212405e-02 6.744716613637383729e-01
5.360898221200802172e-02 -5.439566128319022198e+00
5.667402806665487736e-02 -1.013562646308338255e+00
5.991431519064605027e-02 -1.445927865227371933e+00
6.333986284761988772e-02 -3.341537610299862404e+00
6.696126314369774124e-02 -2.815820503837304756e+00
7.078971377924322961e-02 -1.593336337048816054e+00
7.483705267317405929e-02 -3.228685785807003494e+00
7.911579456688830336e-02 -2.546135073262424164e+00
8.363916972098736635e-02 -2.712481410095453516e+00
8.842116482444964398e-02 -5.251426755303514327e+00
9.347656624275002546e-02 -2.366550093376591057e+00
9.882100573865204574e-02 -2.656035596751008310e+00
1.044710088070454068e-01 1.031616743600178993e-01
1.104440457732851072e-01 -1.872383519837706567e+00
1.167585858130325976e-01 -8.746343200707095145e-01
1.234341540606332110e-01 5.391146874125558597e-01
1.304913919826141688e-01 1.310539875982070113e+00
1.379521212029839183e-01 2.622776612500637761e+00
1.458394109776858238e-01 2.791057371897035733e+00
1.541776495268439295e-01 2.514874670147928537e+00
1.629926194453663046e-01 2.139746544693328811e+00
1.723115774250824350e-01 1.961622232124162091e+00
1.821633385349232803e-01 3.990648249605071030e-01
1.925783653197451484e-01 8.163284142975913982e-01
2.035888619932995913e-01 2.473305766997232258e+00
2.152288740166030667e-01 2.705054907133328079e+00
2.275343933696106213e-01 3.258159510625265654e+00
2.405434698417041606e-01 4.750641923836122160e+00
2.542963286851153137e-01 4.003756921530853496e+00
2.688354949950783057e-01 2.074870643767949385e+00
2.842059252013066084e-01 2.339620641927114608e+00
3.004551460773787208e-01 2.525768637310619624e+00
3.176334016978615837e-01 2.401875191345525629e+00
3.357938087975759212e-01 1.845969758698974061e+00
3.549925210133909603e-01 2.567793555461207688e+00
3.752889025163962389e-01 3.609185709798321096e+00
3.967457115713384774e-01 2.814179854756413857e+00
4.194292945909068870e-01 2.849193716881905925e+00
4.434097912848986578e-01 2.672898944290089229e+00
4.687613515386053198e-01 2.777153537765515434e+00
4.955623646910287672e-01 2.256145314287929970e+00
5.238957019218746236e-01 2.857414602896824363e+00
5.538489724968058692e-01 3.110441007902895461e+00
5.855147946632918154e-01 2.989931610922893057e+00
6.189910820346860021e-01 3.265993666952582419e+00
6.543813463480574466e-01 3.270891325949333961e+00
6.917950175319338424e-01 3.215318930759466731e+00
7.313477820736313806e-01 2.944954231611170314e+00
7.731619407324363813e-01 2.975025921125568296e+00
8.173667867047196278e-01 2.715959528614776630e+00
8.640990054103039331e-01 2.952092379693687985e+00
9.135030971362627650e-01 2.926468463993572300e+00
9.657318238450005587e-01 2.836761269981366684e+00
1.020946681528190014e+00 3.099440524189178703e+00
1.079318399567122277e+00 2.854036867932767674e+00
1.141027468643541098e+00 2.883969709138376913e+00
1.206264698833311888e+00 3.124171606268754786e+00
1.275231809608598166e+00 2.926917687223588693e+00
1.348142053572885191e+00 2.939341252814240413e+00
1.425220875857504010e+00 3.042846472066029317e+00
1.506706611218559866e+00 2.883998158064136952e+00
1.592851220989757177e+00 2.973525201297999132e+00
1.683921072169850985e+00 2.961191278445853836e+00
1.780197761053726513e+00 3.023744979357513518e+00
1.881978983953853435e+00 2.606237631497769325e+00
1.989579457704466314e+00 3.451266276856548743e+00
2.103331892794750857e+00 3.653092657593147052e+00
2.223588022140051024e+00 4.218500225990040597e+00
